,SecuCode,HKStkShares,HKStkMV,TurnoverRate,PERatio,PS,PB,PCF,DividendRatioFY,DividendRatioRW
0,00001,3856240500,256825617300.0000,0.0010,6.5853,0.9267,0.4424,-11.9598,4.7602,4.7598
1,00002,2526450570,199210627444.5000,0.0009,14.7019,2.1790,1.6615,167.8270,3.8301,3.8808
2,00003,16925052244,253875783660.0000,0.0008,27.2610,6.4975,3.4663,-119.4035,2.2606,2.3333
3,00004,3047627327,50956328907.4400,0.0004,7.6938,2.4202,0.3489,-1.8930,3.8869,3.8872
4,00005,20521803554,1148194908846.3000,0.0006,10.6584,2.3009,0.8218,-5.4882,7.0810,7.1039
5,00006,2134261654,109274196684.8000,0.0014,14.3104,70.2728,1.3217,-5.6484,5.4688,5.4688
6,00007,4000000000,3400000000.0000,0.0013,21.2524,3.6075,1.0617,-17.8285,0.0000,0.0000
7,00008,7719638249,32962855323.2300,0.0013,36.7479,0.8485,1.8409,-6.7993,7.3162,7.3794
8,00009,3568790629,428254875.4800,0.0003,-1.2096,5.2348,0.4528,-5.8022,0.0000,0.0000
9,00010,1361618242,26279232070.6000,0.0005,4.9724,2.6240,0.1710,-18.5850,4.1451,4.1451
10,00011,1911842736,307233127675.2000,0.0009,12.6898,5.5425,1.9072,-908.9738,4.6671,4.7915
11,00012,4841387003,172353377306.8000,0.0009,5.5318,7.8407,0.5396,-23.7827,4.9285,5.0562
12,00014,1046500891,31865952130.9500,0.0010,5.2819,8.1918,0.4015,910.4558,4.7289,4.7291
13,00015,1683146400,1094045160.0000,,1.5529,0.3087,0.2413,15.3116,3.0769,3.0769
14,00016,2897780274,312670491564.6000,0.0024,6.2595,3.6508,0.5631,-135.0045,4.3086,4.3550
15,00017,10225456964,98471150563.3200,0.0008,4.2193,1.6226,0.3802,308.7838,4.9579,4.9747
16,00018,2397917898,1366813201.8600,0.0003,16.7938,1.5158,0.7487,-1.8923,5.2632,5.2632
17,00019,905206000,68478833900.0000,0.0006,2.8981,0.8094,0.2075,20.4353,3.9656,4.1639
18,00020,2048549287,91877435521.9500,0.0003,5.3296,1.8948,0.2283,-3.6354,3.4553,3.5117
19,00021,3975233406,584359310.6820,0.0001,14.0094,6.6992,0.6574,-132.7788,0.0000,0.0000
20,00022,1966387866,373613694.5400,,294.8806,5.1751,0.6419,51.2221,0.0000,0.0000
21,00023,2896730441,56312439773.0400,0.0003,8.6515,3.2985,0.5364,-101.6470,5.9283,3.9514
22,00024,5111622235,362925178.6850,,-3.3145,0.1574,0.4447,-6.5079,0.0000,0.0000
23,00025,301928440,3381598528.0000,0.0001,5.1662,0.4906,0.3507,16.9904,4.4643,4.4643
24,00026,45308056,4263488069.6000,0.0000,4.5238,49.9284,0.4639,-51.1443,3.4006,22.6355
25,00027,4332591123,212296965027.0000,0.0020,15.7171,3.8452,3.0746,-110.7830,1.9354,1.8565
26,00028,1506769491,5544911726.8800,0.0001,4.4317,1.6845,0.2170,-2.8085,5.4348,5.4348
27,00029,232323681,1812124711.8000,,14.3677,16.0322,0.8453,-48.0186,0.8146,0.8820
28,00030,6448152160,1534660214.0800,0.0004,34.6645,1.6863,2.0062,-23.0847,0.0000,0.0000
29,00032,372688206,4129385322.4800,0.0001,9.2299,6.4427,0.5637,-2.3896,3.6101,3.6101
30,00034,1176631296,10754410045.4400,0.0001,4.9033,3.7835,0.3452,-12.5384,7.8775,8.0963
31,00035,2336447302,8060743191.9000,0.0003,4.7038,1.1781,0.5913,-15.1520,6.3711,6.3711
32,00036,1089118593,238516971.8670,0.0005,-2.2503,27.9065,0.1917,-53.0509,0.0000,0.0000
33,00037,610710675,124584977.7000,0.0006,-12.9837,2.3785,0.4371,44.3168,0.0000,0.0000
34,00038,391940000,634942800.0000,0.0012,-1.0537,0.2411,0.3090,-0.8224,0.0000,0.0000
35,00039,6225125683,342381912.5650,0.0043,73.6305,0.2702,0.2110,-5.6995,0.0000,0.0000
36,00040,784692952,635601291.1200,0.0001,10.3456,0.0939,0.2850,1.5458,5.1852,5.1852
37,00041,708355048,18842244276.8000,0.0011,3.2427,1.8552,0.1993,8.7992,3.0820,3.0994
38,00042,257950000,159929000.0000,0.0003,31.8225,14.3752,26.3648,6.0888,0.0000,0.0000
39,00043,24071837232,16128130945.4400,0.0007,7.2962,0.3063,1.2381,17.1424,6.4179,5.0746
40,00045,1629093367,12886128532.9700,0.0008,10.3670,2.0737,0.3272,-23.2602,2.6268,2.5088
41,00046,249488384,815827015.6800,,11.9925,2.8989,1.7064,13.5089,6.4220,6.4220
42,00047,10070431786,1168170087.1760,0.0001,9.5278,0.4921,2.2605,-19.6328,5.2586,5.2586
43,00050,356273883,2593673868.2400,0.0001,7.5257,2.3827,0.4238,-1.8846,5.2198,5.2198
44,00051,708750000,9199575000.0000,0.0000,11.0705,5.8115,0.5071,-60.1279,2.3112,2.3112
45,00052,129532780,3031067052.0000,0.0007,16.8442,1.0204,3.8976,58.3155,5.0319,5.0319
46,00053,329051373,40473318879.0000,0.0000,12.0145,2.3161,0.4992,-21.3508,3.2520,3.2520
47,00055,253639456,55039761.9520,0.0022,-1.4514,0.0929,0.0598,-8.3847,0.0000,0.0000
48,00056,6812201460,11580742482.0000,0.0000,4.9419,2.3560,0.2403,4.2022,4.7059,4.7059
49,00057,630531600,1841152272.0000,0.0002,20.3940,1.1254,0.6656,20.8139,2.3973,2.3973
50,00058,748936324,69651078.1320,0.0001,-1.3792,0.1679,0.2351,-1.3746,0.0000,0.0000
51,00059,7934703562,8172744668.8600,0.0005,9.2808,1.1261,2.1165,-12.5755,2.2309,2.2309
52,00060,259586000,218052240.0000,,1.1595,1.4431,0.3347,2.0238,0.0000,0.0000
53,00061,8773232014,175464640.2800,0.0014,-0.1484,0.1747,7.8634,-1.9084,0.0000,0.0000
54,00062,443744410,8741764877.0000,0.0001,12.1401,1.0915,0.8427,-8.9585,5.9596,6.0011
55,00063,2819102084,668127193.9080,0.0008,-7.5221,40.4215,3.5264,-12.6987,0.0000,0.0000
56,00064,9662705938,2309386719.1820,0.0000,11.8382,4.1099,0.3482,-9.4884,8.3682,8.3682
57,00066,6155993128,273941694196.0000,0.0009,17.1128,5.0796,1.5175,-60.3529,2.6868,2.6916
58,00068,146781285,572447011.5000,,-0.4794,42.8446,0.4832,373.6599,1.9231,0.6410
59,00069,3585525056,28755910949.1200,0.0006,18.9900,1.4549,0.5619,18.4091,2.7431,2.7431
60,00070,692436675,128793221.5500,,3.3016,0.9870,0.1088,96.7643,0.0000,0.0000
61,00071,690959695,9936000414.1000,0.0000,6.1177,3.1059,0.5046,5.9926,4.2420,4.2420
62,00075,799557415,1838982054.5000,0.0000,22.3424,36.3313,1.1135,143.5695,0.4348,0.4348
63,00076,5482709078,252204617.5880,0.0038,4.6522,0.2798,0.0876,4.3330,0.0000,0.0000
64,00077,271913000,236564310.0000,,-5.4687,0.6021,1.8464,-43.8001,9.1954,9.1954
65,00078,898782333,3756910151.9400,0.0002,6.8594,1.4372,0.2385,-3.5409,4.5455,4.4258
66,00079,326077423,94562452.6700,,-7.3458,3.6232,0.2544,-6.1516,0.0000,0.0000
67,00082,4213395262,712063799.2780,0.0006,-1.0996,0.2106,0.6713,-2.2415,0.0000,0.0000
68,00083,6816991049,73623503329.2000,0.0013,10.6471,9.1915,0.5037,-34.4664,5.0818,5.0818
69,00084,1046474025,113019194.7000,0.0006,-3.2711,0.0775,0.1139,-0.8003,0.0000,0.0000
70,00086,2002369493,6627843021.8300,0.0001,5.5988,1.4457,0.2915,2.5328,8.1332,7.8604
71,00087,2981870000,35543890400.0000,0.0001,1.5042,0.4201,0.1077,10.6070,5.0336,5.2852
72,00088,617531425,3896623291.7500,0.0004,16.8248,10.5772,0.5499,7.1787,5.5468,5.5468
73,00089,287669676,1406704715.6400,0.0004,2.8545,3.9922,0.1762,513.8657,4.4990,4.4990
74,00091,718776925,86253231.0000,0.0034,-0.1626,9.4690,-0.3178,-2.2022,0.0000,0.0000
75,00092,683830848,105309950.5920,0.0002,-0.0276,0.7377,0.9090,-8.5681,0.0000,0.0000
76,00093,1957643050,646022206.5000,0.0000,-32.4961,21.1160,0.6841,-19.3826,0.0000,0.0000
77,00094,1854991056,537947406.2400,,-9.4576,1.2596,0.6974,-32.8457,0.0000,0.0000
78,00097,3047327395,1919816258.8500,0.0005,19.7919,1.2833,1.4644,-9.0132,6.3492,6.3492
79,00099,478483794,1397172678.4800,,0.9827,0.3481,0.2776,1053.6747,3.2534,3.0822
80,00100,541700500,2155967990.0000,0.0001,8.3587,1.0233,0.8197,13.6311,4.2714,4.2714
81,00101,4497718670,79969437952.6000,0.0011,9.8997,8.5002,0.5544,-55.2657,4.2182,4.2182
82,00102,1803777836,1857891171.0800,0.0004,244.1061,4.0114,1.1005,20.3687,0.0000,0.0000
83,00104,747123220,362354761.7000,,5.1426,0.3877,0.6927,55.9708,10.8132,10.8132
84,00105,360000000,8172000000.0000,,55.0359,13.3838,0.6008,-1031.5577,5.0661,5.0661
85,00106,4722307545,4013961413.2500,,3.0776,0.4530,0.7019,1.7786,5.2941,5.2941
86,00107,895320000,2023423200.0000,0.0006,6.9702,0.8682,0.3916,6.2823,5.0356,5.0356
87,00108,3199373986,3807255043.3400,0.0007,397.4585,10.5382,1.1053,-10.5645,0.0000,0.0000
88,00109,7088223998,907292671.7440,,12.2005,8.2091,0.3269,9.2270,0.0000,0.0000
89,00110,917779442,100955738.6200,,12.9447,0.4672,-76.6558,11.6228,0.0000,0.0000
90,00112,767654861,5235406152.0200,0.0000,7.3772,5.7537,0.8518,-30.1820,0.0000,0.0000
91,00113,398128308,1711951724.4000,0.0001,4.2395,0.4270,0.6791,-1.8571,8.1953,8.1953
92,00114,604490763,417098626.4700,0.0000,-15.9454,0.4379,0.5806,8.4536,4.3478,4.3478
93,00115,2449554132,252304075.5960,0.0003,1.3056,3.7093,0.1118,2.5373,0.0000,0.0000
94,00116,677434000,5961419200.0000,0.0007,5.8892,0.3170,0.5481,41.5441,6.7045,6.5909
95,00118,861930692,267198514.5200,0.0001,3.6083,0.0996,0.1918,-11.0692,6.4516,6.4516
96,00120,4413729099,6179220738.6000,0.0001,30.6054,2.8777,4.5657,-24.5695,0.0000,0.0000
97,00122,947543695,549575343.1000,0.0000,3.3821,2.0738,0.2997,-25.7823,1.7241,1.7241
98,00125,262778286,609645623.5200,0.0001,8.4527,0.4981,0.6391,-19.2117,6.8966,6.8966
99,00126,1257087536,1005670028.8000,0.0006,3.6181,1.0365,0.2626,-4.8383,3.7500,3.7500
100,00127,1907619079,9690704921.3200,0.0001,9.5448,11.4871,0.2873,268.1286,2.1654,2.1654
101,00128,1650658676,1039914965.8800,0.0006,-14.2265,7.3177,1.0727,-3.0183,0.0000,0.0000
102,00129,1319782288,1623332214.2400,0.0000,1.1689,0.7354,0.0795,-8.0255,2.1951,2.1951
103,00130,287930000,120930600.0000,,-6.1333,0.4818,0.1762,-4.5767,0.0000,0.0000
104,00131,595634100,2370623718.0000,,3.9079,34.6836,0.3669,-6.1110,5.3766,5.4563
105,00136,74611669087,9326458635.8750,0.0007,63.8033,15.9050,7.6449,27.6365,0.0000,0.0000
106,00137,530289480,482563426.8000,,10.0069,0.8128,0.2304,-4.2641,0.0000,0.0000
107,00138,873111452,523866871.2000,0.0000,15.4078,0.5700,0.1754,-130.9667,11.7135,0.0000
108,00139,14719650461,1030375532.2700,0.0002,-15.3648,5.9063,0.7174,-127.1441,0.0000,0.0000
109,00141,345374910,203771196.9000,,-30.4318,8.3688,0.3413,44.8243,0.0000,0.0000
110,00142,4344931044,13860330030.3600,0.0010,13.3988,0.2281,0.1963,-6.3449,4.2303,3.7618
111,00143,7748960899,604418950.1220,,-13.8343,5.5091,1.7241,-15.4555,0.0000,0.0000
112,00145,2306502816,179907219.6480,0.0002,-0.1312,3.5621,-0.1980,-6.8421,0.0000,0.0000
113,00146,212187488,286453108.8000,,-8.3915,0.5296,0.6567,-1.6934,0.0000,0.0000
114,00147,20319072320,2844670124.8000,0.0000,-13.0501,3.4362,2.5807,-11.3715,0.0000,0.0000
115,00148,1083152236,19605055471.6000,0.0008,3.2268,0.4262,0.3496,-45.9724,9.9448,5.4140
116,00149,9953067822,487700323.2780,,-2.2940,0.6262,0.3037,-10.1286,0.0000,0.0000
117,00155,1538526148,276934706.6400,,-15.2279,,-4.8653,89.2474,0.0000,0.0000
118,00156,9186912716,1626083550.7320,0.0001,-20.7851,0.6544,0.3271,1.5079,15.2542,15.2542
119,00157,2002100932,1441512671.0400,,54.8959,3.9010,2.5787,-16.5423,2.0139,0.0000
120,00158,25000000,4887500000.0000,,2.1263,22.2070,0.4977,177.7143,2.6087,2.6087
121,00159,9221232131,1383184819.6500,,12.7971,,2.5172,133.7703,0.0000,0.0000
122,00160,720429301,2507093967.4800,0.0001,2.1641,1.6959,0.2077,-3.7384,3.5920,3.5920
123,00162,1149694715,274777036.8850,0.0004,-0.9241,0.2293,0.0591,-1.1135,0.0000,0.0000
124,00163,3677545667,6141501263.8900,0.0001,1.9582,1.4111,0.1788,22.1370,6.5868,6.5868
125,00166,8758880988,499256216.3160,0.0001,-1.9410,1.6754,0.1596,5.5945,0.0000,0.0000
126,00167,2599993088,122199675.1360,0.0011,-0.5668,0.2821,-1.6740,-7.9869,0.0000,0.0000
127,00168,655069178,33637802290.3000,0.0027,41.7979,3.4352,3.1527,23.3329,1.0516,1.0516
128,00169,4697346488,1878938595.2000,0.0000,2.4506,1.8425,0.5773,3.6765,0.0000,0.0000
129,00172,2761912843,220953027.4400,,-1.0612,0.7853,0.8573,-5.9283,0.0000,0.0000
130,00173,3125174615,12469446713.8500,0.0005,3.0816,1.1589,0.3204,6.0977,5.0087,5.0125
131,00174,451390000,315973000.0000,,25.8380,1.6646,0.0562,-0.4877,0.0000,0.0000
132,00175,9115625540,107017443839.6000,0.0044,7.2607,0.8551,2.0454,39.8355,2.9791,2.9791
133,00176,2032571385,558957130.8750,,-3.2062,2.3533,0.8506,-6.7953,0.0000,0.0000
134,00177,1222000000,12415520000.0000,0.0013,9.9778,4.3804,1.5170,174.0195,5.1427,5.1427
135,00178,3095602403,5293480109.1300,0.0050,11.2447,0.6320,2.1288,47.2966,9.3522,9.3522
136,00179,885003603,12213049721.4000,0.0006,5.5307,0.4743,0.6081,8.4518,3.6871,3.6871
137,00180,950587991,788988032.5300,,4.3411,1.1888,0.3482,131.3885,1.2048,1.2048
138,00182,8441904965,3165714361.8750,0.0005,5.3705,1.9081,0.4821,8.0514,5.3781,5.3781
139,00184,340200000,1595538000.0000,,8.1165,0.7889,0.3595,-10.4350,3.4115,3.3049
140,00185,10294699948,3500197982.3200,0.0000,100.0729,4.9866,2.7159,-177.9731,0.0000,0.0000
141,00186,5492232889,4503630968.9800,,49.4905,36.6149,7.5312,-39.1620,0.0000,0.0000
142,00187,100000000,140000000.0000,0.0002,-5.3784,0.4505,0.6488,-16.7247,0.0000,0.0000
143,00188,7014469674,364752423.0480,,17.8791,9.9435,0.3415,7.1769,9.4607,9.5226
144,00190,528834246,2570134435.5600,0.0000,3.5011,2.0237,0.1605,-4.7639,5.3498,5.3498
145,00191,386879622,3404540673.6000,0.0005,1.3261,1.8872,0.0654,3.6928,0.8371,0.8371
146,00193,194337559,202111061.3600,,5.4348,0.6391,0.2183,1.4710,0.0000,0.0000
147,00194,378583440,4028127801.6000,0.0001,3.9715,2.1937,0.3220,8.7403,6.5789,6.5789
148,00197,1872696182,385775413.4920,0.0000,-2.5136,0.3931,0.1870,-2.1016,0.0000,0.0000
149,00198,2710393916,6342321763.4400,,-41.2552,1.6740,0.7524,-11.8182,0.0000,0.0000
150,00199,966262004,1198164884.9600,0.0001,8.5228,6.4603,0.2244,-18.1235,17.8032,17.8032
151,00200,1513929755,26584606497.8000,0.0008,50.8727,0.6528,0.6432,145.5694,0.3935,0.4818
152,00201,8947051324,1288375390.6560,0.0002,4.9486,2.2226,0.3167,-12.1163,5.0833,5.0833
153,00202,7294369363,1539111935.5930,0.0051,-2.5641,19.7160,0.5955,-17.0948,0.0000,0.0000
154,00204,1058185729,126982287.4800,0.0001,-1.4444,211.6371,1.1994,-27.5629,0.0000,0.0000
155,00205,6373545516,108350273.7720,0.0005,-0.8663,0.6006,0.2341,-2.3143,0.0000,0.0000
156,00208,4438967838,4350188481.2400,0.0004,2.6877,2.7311,0.3088,202.4285,9.6939,9.7959
157,00209,3661864729,76899159.3090,,-0.9893,0.1304,0.2424,1.6535,0.0000,0.0000
158,00210,1649142384,519479850.9600,0.0156,-0.5224,0.1259,0.3354,-4.2610,0.0000,0.0000
159,00211,5327761005,266388050.2500,0.0002,1455.6724,3.2804,0.4857,43.6773,2.5048,2.5048
160,00212,34476738,1723836900.0000,,5.1532,14.1339,0.3154,-227.4791,2.8000,2.8000
161,00213,1010794962,1202846004.7800,0.0000,5.4225,1.3646,0.5066,-19.0023,3.7853,3.7853
162,00214,840873996,1044365503.0320,,1.2892,0.4316,0.0421,-4.3832,1.4493,1.4493
163,00216,551368153,1339824611.7900,,1.7147,0.9063,0.1110,-3.4687,2.0576,2.0576
164,00219,579753289,1240672038.4600,0.0001,2.0539,1.5762,0.1485,-3.9304,3.2383,3.2383
165,00221,556432500,242048137.5000,0.0000,3.4392,1.8511,0.2172,-1.1557,0.0000,0.0000
166,00223,2912776542,428178151.6740,0.0001,-3.0891,4.7909,3.2500,21.2348,0.0000,0.0000
167,00224,1154038656,1881083009.2800,,3.4854,6.4657,0.2305,24.4018,2.8221,2.8221
168,00225,110179385,1663708713.5000,,3.4605,12.2751,0.3018,593.5457,2.5166,2.5166
169,00226,493154032,1296995104.1600,,-11.5606,0.5078,0.0853,1.2226,3.0418,3.0418
170,00227,1418973012,581778934.9200,0.0000,17.4170,1.2281,0.2112,6.4281,0.0000,0.0000
171,00228,9505344000,2062659648.0000,0.0004,74.8860,4.3171,1.2959,-18.3333,0.0000,0.0000
172,00229,494289860,459689569.8000,0.0001,8.7437,0.3575,0.7775,-6.3561,8.5990,8.6010
173,00231,5165863003,444264218.2580,0.0150,-0.3474,5.4582,0.9338,6.2093,0.0000,0.0000
174,00234,5780368705,682083507.1900,0.0001,36.1101,6.8377,0.4003,10.7452,2.5424,2.5424
175,00235,16987713835,696496267.2350,0.0005,0.9827,0.4713,0.1959,-3.7598,0.0000,0.0000
176,00236,373570560,377306265.6000,0.0000,-5.1295,0.6454,0.7668,-7.8704,0.0000,0.0000
177,00237,135000000,1652400000.0000,0.0000,5.9217,67.6908,0.3381,-10.0985,10.4575,10.4575
178,00239,311640000,850777200.0000,0.0001,22.8213,6.0320,1.1021,143.0118,3.7912,3.9560
179,00240,1241877992,1018339953.4400,0.0004,2.4706,0.1615,0.9711,6.8235,5.3659,5.3659
180,00241,12015967714,87716564312.2000,0.0008,-936.6681,15.0630,28.0467,-265.1806,0.0000,0.0000
181,00242,3021479785,8339284206.6000,0.0008,1.7944,1.2651,0.1970,2.1011,5.8014,5.8014
182,00243,2256265322,99275674.1680,0.0001,-2.1856,0.3511,0.2122,-4.3722,0.0000,0.0000
183,00244,1313962560,290385725.7600,0.0000,-2.1988,0.9311,4.6346,-77.2302,0.0000,0.0000
184,00245,28928719250,3326802713.7500,0.0000,23.2265,6.4801,0.6395,3.0625,0.0000,0.0000
185,00247,1851651051,48883587746.4000,0.0000,13.1593,6.0648,0.3356,-22.2144,2.0805,2.0805
186,00248,1245331256,124533125.6000,,119.6284,0.4399,0.4208,-120.5548,2.0000,2.0000
187,00250,21720504877,1238068777.9890,0.0000,3.2801,1.2228,0.8234,-9.6712,36.9958,36.9958
188,00251,662208726,5165228062.8000,0.0001,42.6787,6.6323,0.8400,3.1632,0.6406,0.6410
189,00252,225420034,766428115.6000,,-16.3849,1.4820,0.6199,273.7455,0.8824,0.8824
190,00253,304368750,532645312.5000,,1.7169,0.6767,0.0649,-1.6888,0.0000,0.0000
191,00254,6411770500,910471411.0000,,-62.0508,16.6457,-1.4750,-2.8882,0.0000,0.0000
192,00255,631677303,1522342300.2300,0.0002,8.9276,0.5900,0.7053,3740.3988,9.9585,9.5436
193,00256,4351888206,7528766596.3800,0.0004,37.3874,2.1657,1.5257,18.6427,0.0000,0.0000
194,00258,1971029125,3764665628.7500,0.0002,9.2343,5.5518,0.2988,5.2057,9.4241,9.4241
195,00259,999641171,1109601699.8100,0.0004,3.8428,1.1878,0.5707,4.0416,13.5135,13.5135
196,00261,183846100000,1838461000.0000,,-20.8916,4.2755,1.5333,-18.5703,0.0000,0.0000
197,00262,977880400,159394505.2000,,5.7991,0.6144,0.0968,-4.1055,3.0675,6.1350
198,00263,700958385,213792307.4250,,-0.2871,-2.1289,3.6007,-5.8135,0.0000,0.0000
199,00264,382704000,841948800.0000,,-26.7574,13.1760,46.1519,-46.5268,0.0000,0.0000
200,00265,12922075516,1421428306.7600,,-25.3473,5.7161,1.9898,-8.4560,0.0000,0.0000
201,00266,474731824,3997241958.0800,,54.2595,6.4189,0.2854,-1456.7208,5.2257,5.2257
202,00269,7442395970,245599067.0100,0.0000,-0.2290,0.2832,-0.0628,-73.6871,0.0000,0.0000
203,00271,1241054945,2035330109.8000,,18.0522,34.8193,0.4575,-8.1828,6.0976,6.0976
204,00273,44375065557,4615006817.9280,0.0002,51.1732,1.3159,0.6973,-40.5173,0.6470,0.6470
205,00274,17544977408,298264615.9360,0.0000,-4.1003,11.0280,2.4408,99.7541,0.0000,0.0000
206,00275,514909432,133876452.3200,,-0.2662,0.1163,0.0340,0.4462,0.0000,0.0000
207,00276,1881258499,180600815.9040,0.0010,-4.0653,0.2325,-0.0439,-13.5923,0.0000,0.0000
208,00277,277232883,1219824685.2000,,47.7726,15.1965,0.3262,5.6877,1.2823,1.2823
209,00278,120960000,895104000.0000,,6.5236,56.7647,0.6472,-5.4474,4.5946,23.2432
210,00279,1868176188,340008066.2160,0.0034,-0.1574,-4.5557,0.1088,-0.3108,0.0000,0.0000
211,00280,913650465,283231644.1500,0.0001,369.2720,0.5132,0.4470,-7.5352,0.0000,0.0000
212,00282,2636211725,624782178.8250,0.0023,-1.8459,0.4790,0.6281,-5.0733,0.0000,0.0000
213,00286,2996255008,1498127504.0000,0.0008,693.5775,3.9734,1.5709,-32.8371,0.0000,0.0000
214,00287,40000000,419200000.0000,,2.5308,15.6516,0.3175,7.5157,1.8130,1.8130
215,00289,293354000,6600465000.0000,0.0000,3.8879,4.5121,0.3376,-72.7332,3.1139,3.5563
216,00290,9153078859,576643968.1170,0.0000,-5.5351,5.3357,1.4143,-2.4424,0.0000,0.0000
217,00292,2018040477,605412143.1000,0.0002,1.7820,0.5048,0.1444,-8.1006,2.1667,2.1667
218,00293,3933844572,39967860851.5200,0.0008,17.0439,0.3599,0.6388,51.8390,2.9528,3.7402
219,00294,206747688,661592601.6000,,29.9879,0.9219,0.5446,96.0779,3.7500,3.7500
220,00295,14964442519,1631124234.5710,0.0000,90.4869,0.7415,0.2367,-6.9726,0.0000,0.0000
221,00296,1244770983,1767574795.8600,0.0005,4.8098,1.2796,0.3174,-3.8395,5.8322,5.8322
222,00298,2348835316,1127440951.6800,0.0001,6.7173,5.6424,0.2582,2.7374,7.2917,7.2917
223,00299,4550104797,3822088029.4800,0.0001,37.0580,2.0197,0.6837,9.1696,0.0000,0.0000
224,00303,251779133,15610306246.0000,0.0006,11.6098,0.9199,3.2764,-114.4173,8.4449,8.4449
225,00306,461686000,1477395200.0000,0.0004,5.8249,0.4971,0.6509,-21.1679,7.5000,7.5000
226,00307,4538515411,585468488.0190,,-1.1811,2.3866,0.0560,-32.5224,0.0000,0.0000
227,00309,1675869796,264787427.7680,0.0000,-16.9932,0.6550,1.7984,10.0184,0.0000,0.0000
228,00310,1211320200,32705645.4000,0.0011,-0.3750,6.9557,0.1695,1.2351,0.0000,0.0000
229,00313,23336687255,700100617.6500,0.0017,-2.6094,2.4635,1.8189,11.0725,0.0000,0.0000
230,00315,1123243030,7941328222.1000,0.0001,12.9076,0.7950,1.6041,13.7327,5.7865,5.7866
231,00317,592071197,4310278314.1600,0.0029,-4.6974,0.3705,0.6139,-2.8328,0.0000,0.0000
232,00318,192189833,81680679.0250,0.0001,3.6860,2.4057,0.2132,132.3836,0.0000,0.0000
233,00321,1381696104,2625222597.6000,0.0002,8.0715,0.3198,0.4882,-24.7599,15.7895,15.7895
234,00322,5623386360,61632314505.6000,0.0035,21.3959,0.8685,2.4319,14.9815,4.5818,4.5818
235,00323,1732930000,5094814200.0000,0.0097,3.2501,0.4161,0.6704,4.8641,13.9201,11.9993
236,00326,2711000479,2412790426.3100,0.0009,2.2902,690.7502,0.5553,3.4926,17.4141,31.4591
237,00328,723244650,296530306.5000,0.0003,-0.5266,0.1919,0.2230,82.6911,0.0000,0.0000
238,00329,1059749920,1176322411.2000,,-19.3500,9.4397,4.6969,-16.9411,0.0000,0.0000
239,00330,1887211562,2226909643.1600,0.0009,-0.8719,0.1441,0.3121,-1.7887,0.0000,0.0000
240,00332,6545621131,3272810565.5000,0.0000,101.5256,0.3366,1.9365,163.8100,0.0000,0.0000
241,00333,215037625,264496278.7500,,-4.3201,0.2158,0.5056,-8.5864,0.0000,0.0000
242,00335,2682316758,2655493590.4200,,10.4291,13.8604,1.0048,-12.8628,2.0202,2.0202
243,00336,3107836876,9230275521.7200,0.0002,7.7541,2.5806,0.6334,-6.5680,9.3266,15.6567
244,00338,3495000000,7828800000.0000,0.0027,3.8838,0.1925,0.7534,16.9591,12.6786,12.6786
245,00339,167000000,116900000.0000,,-10.0861,650.8365,3.1764,-11.1112,0.0000,0.0000
246,00340,3392272221,1509561138.3450,0.0000,26.2414,14.2445,0.7889,-17.2592,0.0000,0.0000
247,00341,585690033,14466543815.1000,0.0014,24.5077,1.7032,4.2278,230.3223,3.4006,3.4006
248,00342,1468124216,2319636261.2800,0.0010,3.0560,0.0773,0.3006,4.1946,0.0000,0.0000
249,00343,1390656816,187738670.1600,0.0001,-5.9913,8.6456,0.6213,-10.2405,0.0000,0.0000
250,00345,1063375500,38068842900.0000,0.0007,54.7039,5.0580,10.9722,996.6970,1.1676,1.1676
251,00347,1411540000,3811158000.0000,0.0116,2.7293,0.2064,0.4389,-42.1228,7.4521,7.4521
252,00348,7865458360,283156500.9600,,-2.9707,0.6270,0.7197,-50.0188,0.0000,0.0000
253,00351,495975244,168631582.9600,0.0031,-1.2170,3.3281,-0.7175,13.5035,0.0000,0.0000
254,00353,5444844590,1050855005.8700,0.0016,-13.7406,6.8986,1.1053,3.9078,0.0000,0.0000
255,00355,3203817188,1665984937.7600,0.0001,9.5308,0.2819,0.0746,-1.1380,4.6154,4.5192
256,00356,2279400000,132205200.0000,,-2.9249,28.8845,0.7682,24.4623,0.0000,0.0000
257,00357,226913000,1086913270.0000,0.0008,3.1161,3.9145,0.4189,-3.2707,3.5566,0.0000
258,00358,1387482000,12334714980.0000,0.0017,10.9226,0.1230,0.4949,235.1802,2.5583,2.5583
259,00360,6767636215,927166161.4550,0.0001,7.3754,0.4437,0.9111,-57.7045,0.0000,0.0000
260,00361,5201250000,962231250.0000,0.0000,-23.7576,3.3650,3.3519,12.4348,0.0000,0.0000
261,00362,1332427319,373079649.3200,0.0003,-1.8717,1.0148,0.2263,-55.7834,0.0000,0.0000
262,00364,1184843454,107820754.3140,,-0.7388,0.3827,0.0507,-0.2266,0.0000,0.0000
263,00366,505297418,843846688.0600,0.0001,5.8548,1.1658,0.3535,29.5216,5.9880,7.1856
264,00367,1672553104,2542280718.0800,0.0001,2.0726,4.1055,0.1844,1.6775,6.5789,6.5789
265,00369,1352619279,6533151117.5700,0.0001,4.9780,7.3846,0.2280,3.3430,5.5869,5.5901
266,00370,5084283133,696546789.2210,0.0008,-9.2218,3.1951,0.5714,6.6888,0.0000,0.0000
267,00372,2018282827,696307575.3150,0.0026,2.5132,0.3899,0.4713,-3.2560,0.0000,0.0000
268,00373,175754118,6995013896.4000,0.0001,4.1188,1.3762,0.1488,2.8753,6.2814,6.2814
269,00374,384257640,1220018007.0000,,40.4502,0.4028,0.8274,-6.0841,2.9921,2.9921
270,00375,165863792,1142801526.8800,0.0001,12.6712,3.1685,1.6220,14.0661,5.8055,5.8055
271,00376,3223326394,10798143419.9000,0.0002,-52.8280,10.6005,0.6747,3.5916,0.0000,0.0000
272,00377,60669200,539955880.0000,,-1.2092,0.1775,0.1522,1.0899,0.0000,0.0000
273,00378,6753293913,276885050.4330,0.0002,-0.4405,2.2373,0.6695,-4.2087,0.0000,0.0000
274,00379,11919197600,202626359.2000,0.0008,-0.5446,2.2384,0.2232,0.9910,0.0000,0.0000
275,00380,1333270000,321318070.0000,0.0000,12.3513,0.5971,0.5930,-20.5578,0.0000,0.0000
276,00381,9890381596,168136487.1320,0.0025,-0.8081,0.7835,0.3176,-18.4745,0.0000,0.0000
277,00383,14480072773,2316811643.6800,0.0001,-16.8975,2.1050,1.2741,260.5794,0.0000,0.0000
278,00384,5218562972,164645661766.6000,0.0007,20.0192,2.7725,4.0372,30.3812,1.3875,1.3875
279,00385,594899245,993481739.1500,0.0000,5.0722,0.1643,0.4968,-6.1540,3.5928,3.5928
280,00386,25513438600,116851548788.0000,0.0024,7.6778,0.1674,0.5757,-260.8013,10.6449,9.5635
281,00387,230076062,234677583.2400,,12.2164,0.2880,0.5570,137.0780,5.3922,2.4510
282,00388,1258108353,297920057990.4000,0.0025,31.9931,20.9037,6.7049,-125.9172,2.8120,2.8597
283,00391,5923738525,1089967888.6000,0.0001,-12.7589,9.0533,2.0204,-22.6332,0.0000,0.0000
284,00393,1528336000,1299085600.0000,0.0002,12.0924,1.0221,0.5147,11.5508,6.9090,7.0118
285,00395,5635970924,1115922242.9520,0.0153,-16.8859,55.1525,3.2563,4.1052,0.0000,0.0000
286,00397,2783552734,228251324.1880,0.0000,-0.5219,5.4851,0.1555,-0.3575,0.0000,0.0000
287,00398,570358224,963905398.5600,0.0008,6.9798,0.3955,0.4354,45.8653,19.5266,19.5266
288,00399,1464193024,483183697.9200,0.0001,-1.8565,25.9930,0.6079,-152.3278,0.0000,0.0000
289,00403,525135288,152289233.5200,0.0017,-4.0155,0.1064,0.3250,-3.0005,0.0000,0.0000
290,00406,438053600,635177720.0000,,21.1114,0.1131,0.4592,4.7873,2.0690,2.0690
291,00408,564029160,1297267068.0000,0.0002,7.0197,0.1047,0.3740,3.1610,6.9559,7.3913
292,00411,243354165,3090597895.5000,0.0001,9.0880,0.5814,1.3239,9.3864,3.4646,3.4646
293,00413,13221302172,2512047412.6800,,17.9428,0.5941,0.4187,15.4063,0.0000,0.0000
294,00417,248551651,397682641.6000,,7.3426,0.0978,0.3663,-119.8923,6.4928,6.4928
295,00419,13498106577,1228327698.5070,0.0007,16.6582,11.2517,1.4327,5.0518,0.0000,0.0000
296,00428,119908950,34773595.5000,0.0005,-0.4432,3.2162,0.2802,39.0276,0.0000,0.0000
297,00430,2700000000,251100000.0000,0.0001,-2.7357,-3.1725,0.1766,5.0909,0.0000,0.0000
298,00431,6924077621,1370967368.9580,0.0002,-23.3941,8.9844,2.1687,-10.2791,0.0000,0.0000
299,00432,402189313,651546687.0600,0.0001,-1.4910,2.1718,0.1563,-0.3662,0.0000,0.0000
300,00433,21495386286,343926180.5760,0.0000,-0.7106,0.3556,0.0906,3.2203,0.0000,0.0000
301,00438,630881400,365911212.0000,0.0010,13.6039,0.4427,4.2261,-10.5365,0.0000,0.0000
302,00439,6156928860,2770617987.0000,0.0009,-6.0546,17.4906,2.1215,-8.1282,0.0000,0.0000
303,00440,319575100,9123869105.0000,0.0017,4.7640,1.4851,0.2765,-1.5303,5.2134,5.1839
304,00450,907864974,898786324.2600,0.0000,-12.0613,0.2743,0.2688,-2.9971,10.1010,10.1010
305,00451,19073715441,5149903169.0700,0.0012,9.3955,0.7835,0.4490,-1.5704,0.0000,0.0000
306,00455,2150041884,436458502.4520,0.0000,164.2567,0.8282,0.5382,-6.3630,0.5419,0.5419
307,00456,3614835737,639825925.4490,0.0018,46.5226,6.9725,0.8715,15.6932,0.0000,0.0000
308,00458,271607253,366669791.5500,,-4.5575,0.1422,0.3177,-1.9128,0.0000,0.0000
309,00467,26270661209,35728099244.2400,0.0002,21.8121,6.7677,2.9280,-689.7316,0.0000,0.0000
310,00472,3207591674,1347188503.0800,0.0000,20.9149,2.9238,0.4214,-25.2870,0.0000,0.0000
311,00476,7108633200,774841018.8000,0.0010,-4.9471,258.0223,0.2654,-11.4900,0.0000,0.0000
312,00479,4335145846,91038062.7660,0.0003,-0.7222,1.1722,4.1358,-10.1379,0.0000,0.0000
313,00480,1485301803,4782671805.6600,0.0001,2.1671,1.2442,0.1999,-20.7762,3.1056,3.1056
314,00485,4256797561,131960724.3910,0.0000,-9.4602,0.2359,0.3431,3.8063,0.0000,0.0000
315,00487,4926491196,1098607536.7080,0.0001,20.1713,0.9807,0.9819,-11.2360,0.0000,0.0000
316,00488,606464125,5737150622.5000,0.0001,1.3234,3.3887,0.1164,4.4306,1.1409,1.1409
317,00491,3213340890,282773998.3200,0.0001,-1.8386,3.1005,0.4338,-1.4833,0.0000,0.0000
318,00493,21557627422,15090339195.4000,0.0009,-2.6488,0.2011,1.2934,17.2013,0.0000,0.0000
319,00495,1438727549,194228219.1150,0.0000,11.9275,25.7529,0.1911,-8.4209,0.0000,0.0000
320,00497,9807569676,2697081660.9000,0.0003,5.0903,0.7842,0.1981,-2.3047,2.6182,2.6182
321,00498,5519580572,507801412.6240,0.0004,10.3195,0.8081,0.0956,-12.8512,0.0000,0.0000
322,00500,2344818660,1875854928.0000,0.0000,-7.2470,2.1642,1.7666,3.0586,0.0000,0.0000
323,00508,7353060715,2132387607.3500,0.0005,-10.0344,7.8720,1.3925,-8.7719,0.0000,0.0000
324,00511,438000000,5378640000.0000,0.0003,-27.0175,1.2013,0.8628,14.6847,8.1433,8.1433
325,00512,3377571148,13577836014.9600,0.0009,19.0521,2.2788,1.6621,43.0845,2.1393,2.1393
326,00513,6831182580,539663423.8200,,1.5212,1.3771,0.2459,0.7165,6.3291,6.3291
327,00518,464077557,278446534.2000,0.0002,-2.9595,0.2883,0.8055,11.7004,1.8333,1.8333
328,00519,2505105739,814159365.1750,0.0000,76.5331,217.5152,0.5552,-8.1787,0.0000,0.0000
329,00521,11399996101,1504799485.3320,,-2.7002,0.0211,0.3027,-3.1811,0.0000,0.0000
330,00522,406671333,36946090603.0500,0.0017,16.6720,1.8898,3.1533,-577.4090,2.9640,2.9719
331,00524,1050280000,105028000.0000,0.0001,-8.9561,1.5463,1.1189,-1.8940,0.0000,0.0000
332,00525,1431300000,3435120000.0000,0.0006,18.5478,0.7334,0.5242,25.1498,2.8433,2.8433
333,00526,8044020391,5791694681.5200,0.0003,24.1800,1.2865,2.2033,3690.0471,0.0000,0.0000
334,00529,277966666,986781664.3000,,3.4869,0.1547,0.2457,-20.9250,1.9718,1.9718
335,00530,6990651992,20412703816.6400,0.0029,16.9786,25.7300,1.0855,-112.5963,0.0000,0.0000
336,00532,729447964,532497013.7200,0.0000,6.4855,0.1005,0.3220,-1.8845,8.9041,8.2192
337,00533,982114035,2366894824.3500,0.0000,6.2909,1.4077,0.5669,15.0122,8.0913,7.6763
338,00535,15886861827,13821569789.4900,0.0004,5.2258,1.6629,0.8485,-5.5031,3.6046,3.6046
339,00539,776911981,256380953.7300,0.0393,0.9014,0.0474,0.0377,-1.1299,0.0000,0.0000
340,00542,6946350040,2083905012.0000,0.0001,-17.0254,115.2220,3.6335,-148.6910,0.0000,0.0000
341,00544,2432304000,68104512.0000,0.0000,-1.7953,0.2202,0.4288,-1.7614,0.0000,0.0000
342,00547,34061111340,2827072241.2200,0.0013,-5.4574,4.7065,1.7125,-20.1249,0.0000,0.0000
343,00548,747500000,7235800000.0000,0.0017,5.2355,3.1015,0.9512,25.9425,8.3639,8.3639
344,00551,1612183986,33614036108.1000,0.0014,13.9491,0.4419,0.9505,-25.9599,7.2362,7.2088
345,00553,242000000,663080000.0000,0.0182,13.2476,0.4767,0.6132,21.3738,3.3212,3.3212
346,00554,3732638000,1082465020.0000,0.0014,-17.3455,7.6469,1.0378,1.2800,0.0000,0.0000
347,00555,15042743007,315897603.1470,,-0.4485,0.7852,0.0640,-0.3237,0.0000,0.0000
348,00557,398979524,311204028.7200,,-11.2665,1.8140,0.5582,-14.1934,0.0000,0.0000
349,00559,15695531700,329606165.7000,0.0001,-2.1027,5.5030,0.3063,1.0044,0.0000,0.0000
350,00565,2688805163,860417652.1600,,12.7283,4.3190,0.4743,-65.3118,0.0000,0.0000
351,00567,576243785,134264801.9050,0.0000,1.3364,0.0885,0.5858,19180.6860,0.0000,0.0000
352,00571,1491854598,1536610235.9400,,5.8240,0.7036,0.0872,-2.9484,0.0000,0.0000
353,00572,12480291446,711376612.4220,0.0003,-8.9101,17.9305,0.6355,-5.6096,0.0000,0.0000
354,00575,1837251182,299471942.6660,0.0004,-1.2277,6.2171,0.3705,-26.8412,0.0000,0.0000
355,00576,1433854500,9291377160.0000,0.0034,6.9108,2.5138,0.8471,27.2271,6.6049,6.6049
356,00577,1012953711,106360139.6550,0.0003,-0.0182,0.0113,-0.1845,-0.1254,0.0000,0.0000
357,00578,1040173692,52008684.6000,,-0.3643,0.0541,-0.2413,-0.3638,0.0000,0.0000
358,00581,3722569000,11056029930.0000,0.0020,1.9813,0.2323,0.5325,192.3755,12.4579,11.1111
359,00582,2934898710,3052294658.4000,0.0010,-4.3509,1.4541,0.2298,-0.9221,0.0000,0.0000
360,00585,691921572,1383843144.0000,0.0000,-11.7711,74.8468,2.1924,-45.4360,0.0000,0.0000
361,00587,7195516012,3813623486.3600,,5.8796,2.0947,0.4321,0.9717,5.2338,5.2338
362,00588,707020000,1873603000.0000,0.0003,5.4346,0.4271,0.3187,3.8200,5.1517,5.1517
363,00590,587107850,11237244249.0000,0.0008,7.5279,0.7085,1.0638,36.6929,6.0084,6.0084
364,00592,1641333394,339756012.5580,,-11.7270,0.1735,0.4089,-6.1634,11.7810,11.7896
365,00593,285490845,2026984999.5000,,12.6740,12.6816,0.7091,-1.8649,0.0000,0.0000
366,00595,908663302,236252458.5200,0.0001,4.1247,0.1391,0.2118,-1.8668,7.6923,7.6923
367,00598,2144887000,5212075410.0000,0.0028,5.6873,0.1989,0.5732,2.7476,6.2663,6.2663
368,00599,600600000,264264000.0000,,17.5183,0.4896,0.5709,62.2677,5.6818,5.6818
369,00600,4269910510,145176957.3400,0.0005,-7.2270,2.5840,0.1713,-2.7211,0.0000,0.0000
370,00601,6574390058,1840829216.2400,0.0015,6.4416,1.1971,1.3520,-53.0896,1.7857,1.7857
371,00605,4256089347,2021642439.8250,,7.4757,2.4564,0.5240,-17.1095,2.7586,0.6316
372,00607,19729061731,4143102963.5100,0.0034,-1.1705,0.3447,0.1775,-1.3202,0.0000,0.0000
373,00608,305615420,519546214.0000,,11.9053,0.1690,0.2077,2.6742,3.5294,3.5294
374,00610,793124034,3426295826.8800,0.0004,2.8302,0.5087,0.4059,15.1726,7.1759,7.2685
375,00612,1236722000,28543543760.0000,,222.0315,779.6154,168.0934,172.1899,0.0867,0.0867
376,00613,9305276756,1014275166.4040,0.0001,9.2899,15.3776,0.6094,9.5969,0.0000,0.0000
377,00616,3725832059,115500793.8290,0.0011,2.2867,1.8561,0.0422,6.8042,0.0000,0.0000
378,00617,1114585474,2786463685.0000,0.0001,8.6806,0.4727,0.1273,-1.8993,4.3200,4.2000
379,00619,301277070,125029984.0500,0.0012,-0.5215,0.8688,0.1328,-0.9382,0.0000,0.0000
380,00620,667459230,3697724134.2000,0.0005,-29.1368,24.6790,5.5389,-200.4404,0.0000,0.0000
381,00621,18151471981,671604463.2970,0.0028,-19.8283,523.0564,0.1621,9.4050,0.0000,0.0000
382,00622,5811766282,4998119002.5200,0.0006,237.6097,-52.8941,0.7810,8.8590,2.3256,2.3256
383,00626,1097917618,3271794501.6400,0.0004,6.4093,2.0029,0.4118,-7.3521,7.3826,9.0604
384,00627,11365386067,5682693033.5000,0.0002,9.4794,3.8661,1.8414,6.0560,0.0000,0.0000
385,00628,2701123120,1566651409.6000,0.0002,933.8832,19.4751,0.8134,-3.4359,0.0000,0.0000
386,00630,1862679481,141563640.5560,,-5.2917,1.2608,1.1382,-17.7487,0.0000,0.0000
387,00632,612275987,514311829.0800,,-8.8044,6.9468,4.5389,-146.5276,0.0000,0.0000
388,00635,2027082000,2290602660.0000,0.0005,4.3997,3.1226,0.3258,38.4078,12.7111,12.9274
389,00638,438960000,258986400.0000,,2.3045,0.0613,0.2141,9.4040,5.0847,5.0847
390,00643,818041413,286314494.5500,,-5.6567,0.8715,1.8358,96.7933,0.0000,0.0000
391,00645,342116934,177900805.6800,,-15.4357,0.1149,3.1193,-60.7001,0.0000,0.0000
392,00646,3650358761,87608610.2640,0.0001,-0.2835,1.7719,-0.3733,-1.0961,0.0000,0.0000
393,00648,326036828,123893994.6400,,-0.9265,0.6391,1.0447,-7.2094,0.0000,0.0000
394,00650,6595906914,5870357153.4600,0.0000,214.4109,34.9372,1.6567,-9.8280,0.0000,0.0000
395,00651,13636838840,136368388.4000,0.0001,-0.0882,-0.2914,-0.0556,11.5635,0.0000,0.0000
396,00653,3412565999,371969693.8910,0.0001,-9.3901,0.2074,0.6748,-24.6386,0.0000,0.0000
397,00655,1998280097,1798452087.3000,0.0000,166.2463,25.2751,0.1643,-73.6346,2.2222,2.2222
398,00657,1946314108,97315705.4000,,-7.6016,1.1399,1.2121,1.7391,0.0000,0.0000
399,00659,3911137849,51939910634.7200,0.0003,8.5585,1.4791,1.0507,63.2488,5.8538,5.6337
400,00660,16590685376,779762212.6720,0.0000,-14.5432,1.6216,-15.9347,-876.1373,0.0000,0.0000
401,00662,968782000,3962318380.0000,0.0000,15.4845,2.8733,0.4126,15.6560,1.7161,2.0765
402,00663,7010055568,708015612.3680,0.0000,-4.9405,30.0605,1.4662,-4.0327,0.0000,0.0000
403,00665,5792329147,13148587163.6900,0.0024,12.8550,2.0776,0.4917,5.1522,3.8923,4.5815
404,00666,4111704320,505739631.3600,,-11.6083,17.9799,0.4627,-6.5549,0.0000,0.0000
405,00668,1274038550,394951950.5000,0.0000,23.1603,12.7573,0.4309,9.0465,0.0000,0.0000
406,00669,1829576941,100077858672.7000,0.0024,23.0771,1.8158,4.0104,48.3143,1.6088,1.7360
407,00670,5176777777,19568219997.0600,0.0037,18.0092,0.4215,0.8281,-12.1563,0.0000,0.0000
408,00673,4139947634,426414606.3020,,-18.5293,13.2497,3.2293,-43.4718,0.0000,0.0000
409,00674,1077778570,231722392.5500,0.0010,-12.2792,2.8454,2.5199,24.7320,0.0000,0.0000
410,00675,267004800,136172448.0000,0.0000,111.1957,0.2937,0.4932,67.7468,0.0000,1.9608
411,00676,730650000,657585000.0000,,-5.4875,2.1499,1.4473,-15.5915,0.0000,0.0000
412,00677,1697406458,848703229.0000,0.0005,194.8355,0.5819,0.6746,-22.7278,4.6000,4.6000
413,00678,8482490202,7888715887.8600,0.0001,-4.7657,0.6281,0.2502,-4.1307,8.4406,0.0000
414,00679,426463400,652489002.0000,,7.7206,1.9037,0.4714,-29.1121,0.0000,0.0000
415,00680,68645535794,8237464295.2800,0.0000,7.2204,0.4906,1.3307,-2.7122,1.2500,1.2500
416,00681,8934561203,491400866.1650,0.0002,2.4797,0.2211,0.1794,13.6260,0.0000,0.0000
417,00682,3295582491,191143784.4780,0.0002,-0.2317,0.7808,0.5304,-3.8062,0.0000,0.0000
418,00683,1456501228,36703830945.6000,0.0010,4.8943,1.7125,0.3223,27.7355,5.3530,5.3545
419,00684,335432520,506503105.2000,,18.0128,0.4189,0.4467,-7.2816,2.6490,2.6490
420,00685,1687236241,497734691.0950,0.0001,-5.6156,0.2221,0.3767,-2.3964,7.4407,7.4407
421,00686,15251004934,4194026356.8500,0.0031,-7.9769,1.7066,0.5200,-2.9237,0.0000,0.0000
422,00687,3366035709,4712449992.6000,0.0001,13.0572,1.5861,0.7754,-2.4669,0.0000,120.7143
423,00689,5240344044,639321973.3680,0.0005,-5.5484,8.9517,1.1775,-3.1381,0.0000,0.0000
424,00690,6410768147,1141116730.1660,0.0009,-8.2351,8.4366,4.4642,81.2993,0.0000,0.0000
425,00693,2013309000,4489679070.0000,0.0025,7.4716,0.2854,0.3630,-14.0635,5.3812,5.1570
426,00694,1879364000,12328627840.0000,0.0043,8.4619,2.1579,1.0659,118.9715,4.6201,4.3294
427,00696,932562000,14827735800.0000,0.0021,17.1467,5.3356,2.3238,51.3073,1.9261,1.9261
428,00698,6479505097,3498932752.3800,0.0009,6.4458,0.3932,0.5489,67.5274,5.0810,3.3333
429,00700,9555253323,3145589393931.6000,0.0015,34.0333,8.5677,6.6953,-266.8607,0.3027,0.3027
430,00701,1903685690,732918990.6500,0.0000,-29.2104,0.8810,0.3586,-9.6084,2.5974,2.5974
431,00702,3345439069,367998297.5900,0.0000,-0.9763,0.8601,0.1280,12.4332,0.0000,0.0000
432,00703,694302422,208290726.6000,0.0010,-3.4643,0.1838,0.2301,-2.9994,6.6667,3.3333
433,00704,2786456521,415182021.6290,0.0001,3.2337,0.2809,0.6660,-8.1798,0.0000,0.0000
434,00706,9264435863,138966537.9450,0.0001,-1.0236,2.8713,0.3024,-0.9132,0.0000,0.0000
435,00709,1578500518,3930466289.8200,0.0009,8.1885,0.7135,1.3516,491.3083,13.4514,10.7229
436,00711,1852735847,1111641508.2000,0.0005,8.1351,0.1376,0.4493,-8.6786,3.5121,3.5121
437,00713,764317421,351586013.6600,0.0002,0.3013,0.3796,0.1950,-18.2614,0.0000,0.0000
438,00715,16142653060,6134208162.8000,0.0000,-125.5980,44.2465,0.5708,-218.2060,0.0000,0.0000
439,00716,2416919918,2271904722.9200,0.0004,4.0063,0.1601,0.4614,-2.5433,7.4468,7.4468
440,00718,5250019852,976503692.4720,0.0001,-1.7651,0.2366,0.4218,-4.8018,261.1828,261.1828
441,00719,195000000,721500000.0000,0.0003,7.8262,0.3769,0.7034,-579.9105,3.0771,3.0771
442,00720,5219541190,339270177.3500,0.0000,-45.8287,1.0035,0.6934,-2.3504,0.0000,0.0000
443,00721,10971634030,1459227325.9900,0.0000,-20.0328,21.8457,1.1149,-5.3527,0.0000,0.0000
444,00723,9105709503,218537028.0720,,8.2867,0.3710,1.3251,-2349.8605,0.0000,0.0000
445,00724,840174214,46209581.7700,0.0000,-0.5381,0.1036,1.5165,-3.0572,0.0000,0.0000
446,00725,198958000,179062200.0000,,-101.7399,0.5033,0.3055,-9.8684,0.0000,0.0000
447,00726,11209602920,2006518922.6800,0.0003,73.1585,3.7842,0.8511,-4.3676,0.0000,0.0000
448,00727,3430000000,994700000.0000,0.0000,262.3846,185.1983,0.4905,10.2521,0.0000,0.0000
449,00728,13877410000,48848483200.0000,0.0016,11.4749,0.6454,0.7350,-82.9889,3.5511,3.5511
450,00729,28003073774,364039959.0620,0.0016,-0.1830,1.0533,-0.6798,-0.7065,0.0000,0.0000
451,00731,1141075827,456430330.8000,0.0000,4.1795,0.0773,0.2088,-33.1155,6.0000,6.0000
452,00732,3289229398,3157660222.0800,0.0009,42.5618,0.1598,0.3615,-1.3559,0.0000,0.0000
453,00733,674149989,1355041477.8900,,4.1439,0.2486,0.3320,2.5762,5.4227,5.4431
454,00736,5343332155,154956632.4950,0.0056,-2.4851,3.0028,0.2223,-7.4124,0.0000,0.0000
455,00738,705895060,416478085.4000,0.0003,-13.0586,0.4028,0.3086,-5.9584,59.3220,59.3220
456,00745,9814410000,137401740.0000,0.0004,-2.0849,1.5288,0.6290,-146.3277,0.0000,0.0000
457,00746,825000000,3126750000.0000,0.0001,3.5831,0.8065,0.8309,22.1568,10.0264,8.7071
458,00747,605376000,150738624.0000,0.0003,-2.2544,3.9186,0.3414,2.3228,0.0000,0.0000
459,00751,3060929420,5387235779.2000,0.0050,11.0027,0.1531,0.2814,-1.1780,3.4091,3.4091
460,00752,1238010104,3020744653.7600,0.0003,11.1258,0.6522,1.4391,-14.0172,5.5277,5.5318
461,00753,4562683364,30798112707.0000,0.0048,11.4095,0.6132,0.9128,77.4768,1.7407,1.7407
462,00754,2225560434,16869748089.7200,0.0001,2.9209,1.2690,0.2412,7.1416,5.2770,3.9578
463,00755,14879351515,1175468769.6850,0.0001,-1.2982,0.1639,0.5209,-2.3051,0.0000,0.0000
464,00758,1206249251,723749550.6000,0.0004,-6.4745,3.9184,2.8922,12.0958,0.0000,0.0000
465,00759,666190798,286462043.1400,0.0000,-30.0874,0.1557,0.6730,6.1576,0.0000,0.0000
466,00760,10293136554,401432325.6060,,4.9457,1.2357,0.1826,-43.4841,0.0000,0.0000
467,00763,755502534,14641639108.9200,0.0152,-10.0110,0.8176,2.1814,-7.5298,0.0000,0.0000
468,00764,3819606486,527105695.0680,0.0001,-0.8994,2.8032,0.2076,-6.3267,0.0000,0.0000
469,00765,326923607,359615967.7000,,-9.8730,2.4758,2.1996,-11.5725,0.0000,0.0000
470,00766,1613820199,108125953.3330,,-1.7071,3.0919,0.2309,2.6009,0.0000,0.0000
471,00768,1271732200,73760467.6000,,-3.1681,13.3358,0.4671,4.8591,0.0000,0.0000
472,00769,2341700281,1170850140.5000,0.0030,-215.8647,1.2979,0.4465,15.5893,0.0000,0.0000
473,00770,10686000,7480200.0000,,-2.7868,2892.5754,1.9242,-69.1868,0.0000,0.0000
474,00771,805336039,773122597.4400,0.0014,9.1675,0.3298,0.5721,133.0218,0.0000,0.0000
475,00810,785921250,87237258.7500,0.0001,-1.6203,22.8789,0.5881,10.3313,0.0000,0.0000
476,00818,2776833835,3609883985.5000,0.0007,12.9770,0.7743,0.7261,14.7690,0.0000,0.0000
477,00850,8967875821,1058209346.8780,,8.9862,0.0765,1.5450,13.8853,0.0000,0.0000
478,00851,3819705413,572955811.9500,,-7.0176,16.7796,-24.8474,-14.2690,0.0000,0.0000
479,00855,1604028859,9928938637.2100,0.0006,7.2514,1.1959,0.7695,6.8123,4.5293,4.5293
480,00856,1453341998,5755234312.0800,0.0008,7.7687,0.0921,1.1043,-26.7199,3.8384,3.8384
481,00857,21098900000,81652743000.0000,0.0023,11.4705,0.2563,0.4488,-16.3087,5.2889,4.8744
482,00858,2390000000,179250000.0000,0.0001,2.7995,2.0091,0.1689,-14.9687,0.0000,0.0000
483,00859,1125027072,618764889.6000,0.0002,35.6822,18.8723,0.2924,2.3264,0.0000,0.0000
484,00860,7170198562,2975632403.2300,0.0003,-31.6234,4.1500,0.7050,108.7188,0.0000,0.0000
485,00861,1670977976,6767460802.8000,0.0015,45.2410,0.4436,0.5427,-4.3510,0.7654,0.7654
486,00862,3924190467,749520379.1970,,76.3337,24.6926,1.4297,-5.0407,0.0000,0.0000
487,00868,4006870447,31934757462.5900,0.0012,7.5375,1.9941,1.6141,17.9956,6.5176,6.5249
488,00874,219900000,6245160000.0000,0.0055,11.4816,2.0118,1.6443,11.0463,1.6993,1.6993
489,00875,94521681,87905163.3300,0.0003,-0.5543,0.5591,0.4310,-24.3978,0.0000,0.0000
490,00876,5042139374,796658021.0920,0.0000,-36.1476,3.2927,0.7889,-2.1191,0.0000,0.0000
491,00878,283308635,2699931291.5500,0.0000,4.0202,2.7539,0.1262,-5.6419,2.0986,2.0986
492,00885,11022580530,143293546.8900,0.0056,-0.0505,0.1263,8.2376,-0.3875,0.0000,0.0000
493,00888,1184865332,1350746478.4800,0.0003,83.0871,3.2626,1.8277,-579.4708,0.0000,0.0000
494,00889,320000000,310400000.0000,,6.4708,0.9928,0.3592,62.1670,2.5773,1.5464
495,00894,475547534,230640553.9900,0.0003,5.3580,0.1694,0.1604,-2.8317,0.0000,0.0000
496,00896,1090924676,1243654130.6400,0.0000,2.1516,0.6384,0.3291,-6.2333,6.4901,6.4901
497,00897,1231642888,400283938.6000,0.0005,5.3638,0.5327,0.1635,-1.6485,0.0000,0.0000
498,00898,4180371092,1504933593.1200,,2.0544,26.9798,0.1713,60.4221,3.7500,3.7500
499,00899,7611690000,479536470.0000,,-3.0228,14.6379,0.2056,-3.1386,0.0000,0.0000
500,00900,418765600,2567033128.0000,0.0002,5.8708,2.0623,0.7797,-10.7196,7.1778,7.1778
501,00901,1803558784,144284702.7200,,-2.7087,218.3865,-1.9417,-8.7655,0.0000,0.0000
502,00902,4700383440,19741610448.0000,0.0032,76.6953,0.3322,0.4874,9.1889,2.7869,2.7869
503,00904,365158370,65728506.6000,0.0007,-0.0896,0.1227,0.0472,-0.4383,0.0000,0.0000
504,00905,700333925,87541740.6250,,-0.6199,25.2938,0.2337,2.7804,0.0000,0.0000
505,00907,404369123,111201508.8250,,-7.8771,0.9947,0.3003,-5.0919,0.0000,0.0000
506,00910,5087207546,2950580376.6800,0.0001,-36.4431,19.6921,0.8984,-74.4889,0.0000,0.0000
507,00912,283490000,464923600.0000,,8.3684,0.2764,0.6416,-13.7417,7.3093,7.3093
508,00913,1862316806,52144870.5680,0.0000,-0.4230,-3.3856,0.1599,-62.1512,0.0000,0.0000
509,00914,1299600000,59066820000.0000,0.0051,6.8702,1.5976,1.7601,-348.9758,4.2312,4.2312
510,00915,1509592701,286822613.1900,,-0.4342,0.3399,1.7916,9.0302,0.0000,0.0000
511,00918,775406000,155856606.0000,,-5.5172,1.6162,5.3361,-40.0763,0.0000,0.0000
512,00921,459589808,3796211814.0800,0.0023,7.0022,0.2678,1.1979,88.5696,4.2809,4.2809
513,00922,740545260,154033414.0800,0.0005,9.0173,0.6904,0.2341,-14.8767,0.0000,0.0000
514,00927,425839000,468422900.0000,,11.5689,0.3318,0.6374,-3.2914,8.1768,8.1768
515,00928,5354285300,160628559.0000,,-1.7044,2.5582,0.4886,-0.9743,0.0000,0.0000
516,00929,1052254135,883893473.4000,0.0002,10.3588,0.9368,0.5159,-29.6221,1.0714,0.0000
517,00931,5643797090,3047650428.6000,0.0001,-11.9831,1.1410,3.3847,-11.9739,0.0000,0.0000
518,00933,10175301974,15262952961.0000,,18.0841,0.3175,1.3389,4.6448,0.0000,0.0000
519,00938,1906171856,857777335.2000,0.0002,-6.6328,5.4733,1.1072,7.9879,0.0000,0.0000
520,00943,10721666832,1822683361.4400,0.0012,32.9087,6.0935,1.2012,-6.3732,0.0000,0.0000
521,00945,1957890032,252567814128.0000,0.0000,8.9318,1.0951,0.8572,-79.6888,4.4210,4.6072
522,00952,6197049220,1952070504.3000,,19.4866,2.9035,0.3349,-2.7196,0.0000,0.0000
523,00959,1282475614,103880524.7340,0.0010,-0.2485,1.4586,1.1895,-186.1658,0.0000,0.0000
524,00970,4964581447,1340436990.6900,0.0003,13.7581,0.3599,0.5648,38.6393,0.0000,0.0000
525,00979,1136308176,380663238.9600,0.0009,-122.0857,9.1490,3.2233,7.4205,0.0000,0.0000
526,00980,372600000,640872000.0000,0.0004,-7.5522,0.0651,0.6827,-1.8026,0.0000,0.0000
527,00983,383826164,710078403.4000,0.0004,-5.1085,0.1159,0.2344,-3.0739,0.0000,0.0000
528,00984,260000000,923000000.0000,0.0000,-18.7510,0.0954,0.9102,-2.5584,12.3944,12.3944
529,00985,38698308961,967457724.0250,0.0001,-1.7774,1.8569,0.1842,4.1262,0.0000,0.0000
530,00986,590566600,631906262.0000,0.0010,-12.2805,4.5839,2.0235,90.3627,0.0000,0.0000
531,00987,2506157464,456120658.4480,0.0002,7.3268,3.0511,0.2595,-3.3365,4.3956,4.3956
532,00989,5273400867,901751548.2570,0.0002,34.4196,1.1721,0.3407,-23.1372,0.0000,0.0000
533,00990,11841344631,1373595977.1960,0.0001,22.1931,0.3172,1.1379,10.3002,0.0000,0.0000
534,00991,6110621398,10082525306.7000,0.0004,21.2345,0.2802,0.3746,4.8734,7.0728,7.0728
535,00995,493010000,2223475100.0000,0.0014,5.7220,1.6466,0.6061,10.2911,6.3681,6.3681
536,00996,23695220585,616075735.2100,0.0059,-0.1758,0.4225,0.0817,-3.7184,0.0000,0.0000
537,00997,1461609692,1300832625.8800,0.0008,68.8745,0.7432,0.6237,-12.3056,0.0000,0.0000
538,00999,1195797307,2415510560.1400,0.0002,5.4576,0.2735,0.6615,-4.7506,8.9109,8.9109
539,01000,54901000,74665360.0000,,-0.8300,0.6679,0.2644,-1.6550,0.0000,0.0000
540,01001,641232315,294966864.9000,,21.2390,0.1023,0.2649,-1.6851,4.3478,4.3478
541,01002,2307513363,426889972.1550,0.0037,-42.0393,0.3334,0.7489,9.9995,0.0000,0.0000
542,01003,3154655408,4479610679.3600,0.0012,-10.0735,25.6517,3.2914,35.5539,0.0000,0.0000
543,01004,9374351360,2343587840.0000,,-12.0369,2.7338,1.5466,-5.9633,0.0000,0.0000
544,01005,756203313,2646711595.5000,,19.6111,1.9552,2.2729,12.0142,2.8571,3.0000
545,01010,336587142,572198141.4000,,-14.2384,9.4253,5.2018,-32.4247,0.0000,0.0000
546,01013,21391162483,941211149.2520,,-32.7139,4.5941,-5.5343,-132.5836,0.0000,0.0000
547,01031,13614480666,14022915085.9800,0.0000,13.9959,4.6140,0.6508,20.3016,1.4563,1.4563
548,01033,5414961482,4440268415.2400,0.0003,55.4243,0.2279,2.1338,-26.8652,0.0000,0.0000
549,01036,389527932,1636017314.4000,,2.4171,16.0741,0.4410,2.9257,2.1429,2.1429
550,01037,654863448,327431724.0000,0.0000,194.8423,0.8602,0.8839,-49.7220,0.0000,0.0000
551,01038,2650676042,136244748558.8000,0.0008,13.0465,19.0579,1.1149,-36.9127,4.7276,4.7276
552,01041,1769308799,352092451.0010,0.0000,-5.8839,2.0793,0.5894,-14.1607,0.0000,0.0000
553,01043,379584000,622517760.0000,0.0033,2.6730,0.1671,0.2292,-3.2625,0.0000,0.0000
554,01044,1189677417,61149419233.8000,0.0017,13.7485,2.5467,3.1822,13.0323,4.9968,4.8979
555,01046,906632276,389851878.6800,0.0000,-2.8817,4.4980,0.6622,1.3257,0.0000,104.6512
556,01047,369200000,188292000.0000,,4.0781,0.0944,0.3742,22.8482,5.8824,3.9216
557,01049,831221677,98084157.8860,0.0001,-0.4846,0.0691,0.4229,22.0711,0.0000,0.0000
558,01050,1993839200,1993839200.0000,0.0000,9.0062,0.7521,1.7087,-43.2588,7.9945,7.9945
559,01051,27048844786,1325393394.5140,0.0001,3.5025,4.9265,0.1144,1.5178,0.0000,0.0000
560,01053,538127200,521983384.0000,0.0002,4.1505,0.5285,0.4052,6.7476,0.0000,0.0000
561,01055,3666449197,16242369942.7100,0.0040,16.1020,0.3246,0.6448,512.4599,1.2867,1.2867
562,01059,197307506,74976852.2800,,-0.0456,0.5483,1.0764,-9.0793,0.0000,0.0000
563,01060,26631472510,33555655362.6000,0.0013,-116.2928,9.7198,1.9722,19.9887,0.0000,0.0000
564,01063,15215731320,273883163.7600,0.0003,-11.0250,1.2241,0.8241,-14.3454,0.0000,0.0000
565,01064,605616520,93870560.6000,,7.8297,1.8298,0.0309,7.1265,0.0000,0.0000
566,01065,340000000,982600000.0000,0.0067,7.0523,1.4441,0.5439,-41.3113,4.1728,4.1728
567,01071,1717233600,5237562480.0000,0.0021,17.7991,0.2944,0.3738,-33.0600,2.4590,2.4590
568,01072,340000000,1499400000.0000,0.0027,10.3576,0.3808,0.3953,-6.0034,2.8399,2.8399
569,01073,1139330190,432945472.2000,0.0011,-88.5913,,-0.4991,-3.2715,0.0000,0.0000
570,01076,142984807678,22019660382.4120,0.0003,-7.4265,6.7657,-23.3129,-97.0136,0.0000,0.0000
571,01093,6236338403,101278135664.7200,0.0070,27.7096,4.8161,5.1876,3340.8588,1.1084,1.1084
572,01094,209386725,41877345.0000,,-1.7161,0.6132,0.2401,-3.1039,0.0000,0.0000
573,01097,7134623520,513692893.4400,0.0002,-1.1275,0.4416,0.6208,-1.3165,0.0000,0.0000
574,01098,749336566,9876255939.8800,0.0006,3.3050,0.4416,0.3922,3.2236,8.9530,8.9530
575,01100,405323284,421536215.3600,0.0000,6.7432,0.4477,0.5711,-4.9673,4.8077,4.8077
576,01104,1218893914,1206704974.8600,0.0002,3.6777,7.7293,0.4320,-3.0080,3.9543,3.9543
577,01105,866106337,718868259.7100,0.0002,29.6526,0.5021,0.3551,25.3390,16.8675,18.6747
578,01108,250000000,405000000.0000,0.0009,49.7213,0.5546,0.6006,-20.0913,0.0000,0.0000
579,01116,1748000000,381064000.0000,0.0000,-6.6725,0.7662,0.8835,2.1721,0.0000,0.0000
580,01118,574378128,344626876.8000,,-4.0649,0.1116,0.3576,-22.7597,4.8916,3.2610
581,01120,386263374,629609299.6200,,-16.4415,0.5264,0.6175,532.2141,3.0467,0.0000
582,01122,1238651865,2316278987.5500,0.0002,8.7655,0.7572,0.5279,9.8501,9.7342,9.7342
583,01123,1185318349,286847040.4580,,-6.1435,0.2991,0.4467,-17.2883,0.0000,0.0000
584,01124,4146020285,526544576.1950,0.0024,3.9747,2.6261,0.1033,-0.3477,0.0000,0.0000
585,01125,327496556,2272826098.6400,0.0008,1.9259,2.3904,0.1408,-3.3346,2.8779,2.8779
586,01126,676865000,2720997300.0000,,8.1835,0.7693,1.3432,40.7494,2.2388,2.7363
587,01129,1596539766,766339087.6800,0.0017,115.3083,0.8065,0.4284,17.1088,0.0000,0.0000
588,01130,2036538114,185324968.3740,0.0011,-1.1598,0.8730,0.2653,2082.3030,0.0000,0.0000
589,01131,6374480581,5673287717.0900,0.0019,5.3117,2.9785,0.8263,113.9169,0.5618,0.5618
590,01132,2799669050,691518255.3500,0.0003,13.1645,0.6580,0.3156,-1.1626,102.4291,0.0000
591,01133,675571000,1303852030.0000,0.0004,39.4021,0.1068,0.1821,-0.8027,0.0000,0.0000
592,01137,820526643,2560043126.1600,0.0099,-19.2347,3.7324,1.6217,445.4573,0.0000,0.0000
593,01138,1296000000,5456160000.0000,0.0019,194.4407,1.2001,0.5265,-9.1008,0.5405,0.5405
594,01139,859146438,204476852.2440,,-12.7678,10.7864,29.2905,-191.0999,0.0000,0.0000
595,01140,2900940000,5511786000.0000,0.0005,21.4725,24.1860,0.9789,-3.4932,2.4211,2.4211
596,01141,47703677729,7584884758.9110,0.0001,30.9340,9.5867,3.5618,9.9324,1.2579,1.2579
597,01142,1208475523,77342433.4720,0.0000,-1.2529,0.1194,-0.0745,-8.6755,0.0000,0.0000
598,01159,745564799,1409117470.1100,0.0034,-28.4062,19.1756,63.8563,-20.5312,0.0000,0.0000
599,01160,172800000,324864000.0000,0.0012,-34.4939,-2371.2701,21.1349,1554.3732,0.0000,0.0000
600,01161,680552764,646525125.8000,0.0005,6.7885,0.9127,2.2369,-26.2261,8.9423,14.2105
601,01166,2374532340,149595537.4200,0.0002,-1.7468,0.3784,0.1106,4.8282,0.0000,0.0000
602,01168,3541112832,1805967544.3200,0.0002,-6.7457,3.4176,0.2280,-5.9387,0.0000,0.0000
603,01169,2806977778,58806184449.1000,0.0013,13.2739,0.5901,2.0042,-115.0029,1.8115,1.8115
604,01170,688755445,819618979.5500,0.0002,23.0275,0.7447,0.7211,-1061.6826,5.0666,5.0666
605,01171,1952016000,15420926400.0000,0.0167,3.8784,0.4935,0.4034,5.3860,7.7797,21.8241
606,01172,3972974900,723081431.8000,0.0000,284.5657,3.3729,1.1539,-12.8418,0.0000,0.0000
607,01173,2518001334,221584117.3920,,-2.7925,0.1308,0.3518,-33.2509,3.4091,3.4091
608,01176,7194417247,7626082281.8200,0.0002,1616.7230,2.8195,1.0551,181.6339,0.0000,0.0000
609,01177,12588304487,147031396408.1600,0.0027,13.9418,6.0378,3.4202,54.8450,0.6870,0.6856
610,01178,297656701,72330578.3430,0.0005,-0.4330,1.5447,0.4778,7.2980,0.0000,0.0000
611,01180,1052185315,978532342.9500,0.0001,16.8063,0.8405,1.5638,66.0189,2.6882,2.6882
612,01182,2366286547,291053245.2810,0.0004,-7.4825,3.3154,7.0994,12.6738,0.0000,0.0000
613,01184,625837440,1502009856.0000,0.0031,4.7973,0.0594,0.8330,4.2627,8.7500,8.3333
614,01188,20352872747,447763200.4340,0.0001,-1.5517,7.3104,0.3860,-1.8174,0.0000,0.0000
615,01189,789211046,213086982.4200,0.0003,-56.2977,0.8102,0.0974,3.3975,0.0000,0.0000
616,01191,4250013330,365501146.3800,0.0005,-5.4050,3.6722,0.7583,-2.2225,0.0000,0.0000
617,01192,4920560060,285392483.4800,0.0008,-0.1205,4.3986,-0.1213,-3.8900,0.0000,0.0000
618,01194,5836921580,712104432.7600,0.0014,-1.5270,0.8749,0.0972,-8.2553,0.0000,0.0000
619,01195,2884091737,219190972.0120,0.0000,-9.7270,9.0828,1.0355,19.3356,0.0000,0.0000
620,01196,1438209880,6587001250.4000,0.0002,18.1319,8.1217,2.4814,7.9355,0.0000,0.0000
621,01198,2598561326,3534043403.3600,0.0004,67.1284,4.2367,2.1446,2756.6641,0.0000,0.0000
622,01200,718046005,789850605.5000,0.0004,13.5867,0.1576,0.5318,-3.6901,2.9091,0.0000
623,01201,1196485700,532436136.5000,,8.9995,1.4700,0.4348,-5.4649,0.0000,0.0000
624,01202,160000000,96000000.0000,0.0001,-13.6391,0.3332,0.2141,-2.1104,0.0000,0.0000
625,01207,20564713722,1830259521.2580,0.0005,13.8288,1.0120,0.2164,-3.1238,0.0000,0.0000
626,01211,915000000,35685000000.0000,0.0042,32.7368,0.7473,1.5355,41.2138,0.5953,0.5953
627,01212,1501916000,12931496760.0000,0.0014,7.6515,2.9673,3.5399,-2.1517,7.8275,7.7816
628,01213,200000000,240000000.0000,,-31.2094,0.5006,1.5086,164.2710,0.8333,0.8333
629,01215,12778879806,421703033.5980,,1.2445,1.4024,0.1704,0.7083,0.0000,0.0000
630,01217,12801578629,192023679.4350,,18.8777,-39.2285,0.2712,-2.8236,0.0000,0.0000
631,01218,91320403,365281612.0000,,1.1561,0.4399,0.1030,8.8446,1.2500,1.2500
632,01220,1980000000,162360000.0000,,45.3773,1.6772,0.3666,-1.3508,0.0000,0.0000
633,01221,1119805890,3337021552.2000,0.0000,16.9990,10.4069,0.7022,-97.2922,3.1690,3.1690
634,01222,17397520047,1687559444.5590,0.0001,4.0201,0.4209,0.2108,-4.9006,9.7814,9.7814
635,01223,2974225233,2557833700.3800,0.0004,21.6375,6.6986,0.9673,543.2952,1.3953,1.3953
636,01224,3882334668,6949379055.7200,0.0001,40.6161,10.6732,0.4111,388.2118,1.1173,1.1173
637,01225,2303224137,292509465.3990,,-4.2959,1.1876,0.2457,-6.0022,0.0000,0.0000
638,01226,2257666000,124171630.0000,0.0000,-1.4412,1307.0698,0.4018,-5.4735,0.0000,0.0000
639,01227,914626964,108840608.7160,0.0294,-1.8245,11.2323,-2.4778,-3.1382,0.0000,0.0000
640,01229,765373584,151543969.6320,,5.2541,2.0039,0.8206,-1.1438,0.0000,0.0000
641,02038,8214074906,7310526666.3400,0.0014,-1.0866,0.0624,0.4486,-1.9031,0.0000,0.0000
642,02300,929047000,1709446480.0000,0.0000,6.4140,0.6831,0.4145,15.2200,7.8261,10.0543
643,02307,869919000,452357880.0000,,6.2115,0.0973,0.2296,3.2032,2.8846,2.8846
644,02309,17710022508,1700162160.7680,0.0005,-4.0001,8.1733,3.6065,-26.3322,0.0000,0.0000
645,02310,728584797,218575439.1000,,-10.0172,2.3110,2.5612,-45.1136,0.0000,0.0000
646,02312,1606649882,159058338.3180,0.0003,-5.8633,-31.2001,1.7414,-204.4452,0.0000,0.0000
647,02314,4373727000,18500865210.0000,0.0012,3.7910,0.5744,0.7116,-122.3343,8.3291,6.6245
648,02317,1522742000,1187738760.0000,,10.5937,0.4242,0.5205,-10.5834,5.6444,6.6641
649,02318,7447576912,674005710536.0000,0.0025,13.1722,1.9661,1.9415,-488.4928,2.4724,2.3448
650,02320,817644000,282087180.0000,0.0002,9.2573,0.1981,0.1803,-2.1417,0.0000,0.0000
651,02322,3680600000,1748285000.0000,0.0002,-54.3503,16.1519,2.3363,164.7926,0.0000,0.0000
652,02323,2208000000,1148160000.0000,,-2.6847,2.9524,0.4583,-4.6597,0.0000,0.0000
653,02324,2754882496,79891592.3840,0.0002,-0.3269,-0.4444,0.1191,16.9592,0.0000,0.0000
654,02326,21084072140,484933659.2200,0.0001,-6.8932,0.3742,0.8799,-4.7591,0.0000,0.0000
655,02327,4271752636,1922288686.2000,0.0007,23.8684,8.3381,1.6003,17.0003,0.0000,0.0000
656,02328,6899293833,60437813977.0800,0.0034,10.7355,0.4276,1.1036,-187.1927,3.5282,3.5282
657,02330,1824690520,268229506.4400,0.0001,-6.6582,2.5423,0.3654,8.7892,0.0000,0.0000
658,02331,2309342706,54269553591.0000,0.0074,64.7338,4.4051,7.5254,41.3637,0.4373,0.4373
659,02333,3099540000,15094759800.0000,0.0046,7.2828,0.3822,0.7770,13.6883,6.8049,6.8049
660,02336,1815910767,653727876.1200,,-1347.8925,0.6691,1.4261,-21.3972,0.0000,0.0000
661,02338,1943040000,22616985600.0000,0.0021,9.1219,0.8792,1.2667,9.7567,4.5193,4.1624
662,02340,424850000,216673500.0000,,-1.3541,0.1413,1.9959,-25.1507,0.0000,0.0000
663,02341,775058560,1077331398.4000,0.0007,4.2879,0.4200,0.4366,-0.9334,4.0288,4.1727
664,02342,2479055088,4363136954.8800,0.0064,-25.4583,0.7704,1.1239,5.5391,0.0000,0.5682
665,02343,4659773239,7502234914.7900,0.0020,13.2225,0.6005,0.7748,9.3067,3.7956,2.2981
666,02348,1571044000,2168040720.0000,0.0001,6.0748,1.9459,0.9905,32.3390,10.9757,10.9651
667,02349,3128278542,813352420.9200,,-4.6508,2.7703,0.6595,-5.8567,0.0000,0.0000
668,02355,211922000,932456800.0000,0.0002,2.4218,0.0911,0.2500,1.9002,0.0000,0.0000
669,02356,1405752132,14957202684.4800,0.0002,6.0318,2.6104,0.5419,-3.7451,4.5104,4.5113
670,02357,6245121836,25542548309.2400,0.0015,16.9526,0.6211,0.6408,20.7636,0.8427,0.8427
671,02358,5472000000,700416000.0000,0.0003,16.0315,1.2892,1.4285,-12.3241,0.0000,0.0000
672,02366,1316009349,228985626.7260,0.0007,-0.4604,3.5081,1.0620,152.0489,0.0000,0.0000
673,02368,532000000,1197000000.0000,0.0000,8.5245,0.4432,0.9036,-90.9920,8.5109,8.5109
674,02369,5033407480,1283518907.4000,0.0025,-3.1357,1.0050,3.2914,-4.7712,0.0000,0.0000
675,02371,5962210578,268299476.0100,0.0031,30.3301,1.5133,1.1113,55.6867,0.0000,0.0000
676,02379,410209122,373290301.0200,,-7.0307,7.0087,0.8123,-32.4354,0.0000,0.0000
677,02383,3958510558,5898180731.4200,0.0000,-37.1836,6.2475,27.9704,-242.8734,0.0000,0.0000
678,02389,6078944027,1483262342.5880,0.0008,34.1372,8.2917,0.4867,4.4880,0.0000,0.0000
679,02600,3943965968,9071121726.4000,0.0016,44.9432,0.1861,0.5088,-3.8294,0.0000,0.0000
680,02628,7441175000,133941150000.0000,0.0034,38.1928,0.8122,1.2241,195.8893,1.0115,1.0115
681,02668,2900000000,498800000.0000,0.0000,-55.1709,0.3671,1.0095,-1.2772,0.0000,0.0000
682,02678,915000000,6249450000.0000,0.0003,4.5937,0.2789,0.7372,-12.9190,6.2958,5.5637
683,02688,1125082458,91019170852.2000,0.0038,27.5089,1.2771,2.9208,-949.7850,1.4696,1.4696
684,02698,413619000,831374190.0000,0.0011,3.1902,0.1248,0.1169,-0.6570,9.6286,9.6286
685,02866,3676000000,3198120000.0000,0.0010,6.2581,0.5334,0.3872,-1.0641,4.3161,4.3161
686,02868,1020756000,2653965600.0000,0.0010,3.4869,1.0207,0.1676,1.8130,9.9004,9.9004
687,02877,827000000,6541570000.0000,0.0036,11.0922,2.1832,1.0308,70.0863,4.6903,4.6220
688,02878,2480252351,401800880.8620,0.0001,-3.7425,0.5215,0.7385,-4.8459,0.0000,0.0000
689,02882,1266716012,154539353.4640,0.0006,-2.5906,0.1059,1.3193,-2.5094,0.0000,0.0000
690,02883,1811124000,17749015200.0000,0.0063,564.9672,1.8227,1.1904,-6.7306,0.8128,0.8128
691,02888,3208592148,188183929480.2000,0.0002,22.7477,1.6212,0.4766,2.0243,2.8974,3.0081
692,02898,1451520000,551577600.0000,,-14.9398,5.8171,3.9945,-9.7922,0.0000,0.0000
693,02899,5736940000,16292909600.0000,0.0036,13.6318,1.9839,1.2566,13.4313,4.0076,4.0076
694,02008,4993469500,3046016395.0000,0.0000,12.4944,0.7497,0.4169,-3.5042,1.6393,1.6393
695,08003,2368936000,144505096.0000,,-8.6102,0.6282,1.0653,-4.9826,0.0000,0.0000
696,08005,2073088800,642657528.0000,,-1.6151,1.6033,0.3096,4.3201,0.0000,0.0000
697,08006,385820923,49385078.1440,0.0030,-1.7252,0.5225,0.2859,-4.3917,0.0000,0.0000
698,08007,1303440000,338894400.0000,0.0016,-4.8005,3.1172,0.9846,-73.0848,0.0000,0.0000
699,08009,58900537,25327230.9100,0.0000,4.5841,0.0480,0.0651,-2.9226,0.0000,0.0000
700,08011,2937537811,367192226.3750,,-11.4776,,1.9841,-303.4646,0.0000,0.0000
701,01079,1326701739,168491120.8530,0.0067,-2.6205,0.0765,0.3077,13.4897,0.0000,0.0000
702,08019,2146520588,66542138.2280,0.0002,-5.9437,0.7611,0.1601,3.1185,0.0000,0.0000
703,08021,14367101072,287342021.4400,0.0011,-5.5367,1.5936,0.4528,42.8805,0.0000,0.0000
704,08022,1803541356,1623187220.4000,0.0053,-15.4461,366.6563,9.9237,-157.3008,0.0000,0.0000
705,08025,1761825563,229037323.1900,,-3.9914,8.8774,-7.9312,-41.5902,0.0000,0.0000
706,08026,1450963725,798030048.7500,0.0004,-14.7767,9.4950,6.5116,16.1313,0.0000,0.0000
707,08028,2812881803,135018326.5440,0.0001,-4.8594,1.7276,0.5796,-1.5334,0.0000,0.0000
708,08029,2171732000,738388880.0000,0.0000,-6.9964,6.1937,-3.9906,2039.7483,0.0000,0.0000
709,08032,8864332726,4254879708.4800,0.0001,55.2711,3.7502,1.3028,-40.9029,0.0000,30.8299
710,08033,614435000,92165250.0000,0.0001,-538.9781,0.2211,0.4644,18.9057,3.3333,3.3333
711,08037,968656150,1268939556.5000,0.0000,-19.7500,18.0493,3.3493,15.6001,0.0000,0.0000
712,08041,6828772313,512157923.4750,0.0017,-3.7041,3.2711,8.0041,-38.0475,0.0000,0.0000
713,00827,4598042599,777069199.2310,0.0000,-1.9143,0.2149,1.2548,-56.1099,0.0000,0.0000
714,08045,505200000,37890000.0000,,-3.9393,0.4408,0.6067,7.9910,0.0000,0.0000
715,08047,4225960179,1246658252.8050,0.0004,28.5486,1.2978,0.9648,-232.2389,0.0000,0.0000
716,08048,1947690000,116861400.0000,0.0001,-4.9375,1.2020,1.0163,55.4634,0.0000,0.0000
717,08049,172500000,150075000.0000,0.0002,2.5934,0.6455,0.3681,8.7265,19.3229,9.3422
718,08050,1356250000,400093750.0000,0.0000,-18.9295,32.6447,16.2805,-20.0568,0.0000,0.0000
719,08051,23433783,199187155.5000,0.0007,-13.6420,0.6659,1.5157,-16.5191,0.0000,0.0000
720,00831,762564974,2745233906.4000,0.0003,14.9847,0.5160,4.2535,47.8230,6.1110,6.3889
721,08053,3558724852,1548045310.6200,0.0000,7.3257,0.8720,1.5647,-39.0788,3.4483,3.4483
722,08055,3751297033,675233465.9400,0.0004,-7.4331,11.6709,4.1143,13.1289,0.0000,0.0000
723,08060,2088807500,83552300.0000,0.0001,-7.9824,0.8737,0.8769,-444.4271,0.0000,0.0000
724,08063,4262867050,234457687.7500,0.0001,-3.6262,7.3507,0.3780,-2.6438,0.0000,0.0000
725,01106,14888498183,342435458.2090,0.0004,-1.1397,0.3041,0.2752,10.8827,0.0000,0.0000
726,08066,525962500,119919450.0000,,74.2646,2.2915,1.4276,-84.9887,0.0000,0.0000
727,00436,3035697018,789281224.6800,0.0001,10.6106,1.5980,0.7679,15.4655,2.6154,2.6154
728,01666,628704000,5079928320.0000,0.0026,13.0437,1.7474,1.2317,-42.9501,2.5352,2.5352
729,03633,2538217357,20204210161.7200,0.0005,32.5515,2.6490,4.0447,16.3899,0.8794,1.1307
730,08071,4671035048,252235892.5920,0.0007,15.5730,4.7532,3.3430,-6.2251,0.0000,0.0000
731,00550,446614000,464478560.0000,,-8.3014,6.3571,2.7267,5.7323,0.0000,0.0000
732,08075,2136056825,113211011.7250,,-0.4139,0.2311,0.4035,3.8994,0.0000,0.0000
733,08076,1317240000,130406760.0000,0.0011,5.0206,0.9771,1.6954,10.5280,0.0000,0.0000
734,08078,271407779,24969515.6680,0.0022,3.9186,0.0411,0.0106,-1.2849,0.0000,0.0000
735,08079,218894354,43778870.8000,0.0000,-1.1798,0.7287,0.1043,1.8837,0.0000,0.0000
736,08080,272580805,144467826.6500,0.0000,1.3115,0.0603,0.1461,0.3690,0.0000,0.0000
737,08081,5336235108,149414583.0240,0.0000,-1.0308,0.3169,0.3456,26.6526,0.0000,0.0000
738,08082,1217798007,828102644.7600,0.0001,-100.2546,5.3193,7.9943,87.8251,0.0000,0.0000
739,08083,15465807617,7887561884.6700,0.0021,-15.6709,11.5238,1.5645,51.0737,0.0000,0.0000
740,08085,5688396805,56883968.0500,,-2.4477,0.5725,0.2260,-3.8970,0.0000,0.0000
741,08086,3066070496,459910574.4000,0.0100,-5.8982,1.4921,2.2316,-9.1663,0.0000,0.0000
742,08088,545107005,56691128.5200,0.0011,-0.0741,2.9433,0.1569,5.6102,0.0000,0.0000
743,08089,281095913,118060283.4600,0.0393,-0.5328,4.7440,0.5218,-2.8138,0.0000,0.0000
744,00459,1805282608,225660326.0000,0.0001,4.6868,0.3589,0.1985,-1.4364,0.0000,0.0000
745,01026,5512758758,1157679339.1800,,-43.1889,4.2576,0.8062,-84.4528,0.0000,0.0000
746,08092,925508000,24988716.0000,0.0001,-7.2312,1.0080,2.0957,-10.9535,0.0000,0.0000
747,08095,678720000,671932800.0000,,7.9356,0.6122,0.4346,49.1555,0.0000,0.0000
748,08100,444448237,186668259.5400,,-0.7425,1.4011,0.4925,4.0447,0.0000,0.0000
749,00821,1230951598,689332894.8800,0.0017,-1.4175,13.6572,0.7100,-7.6458,0.0000,0.0000
750,01385,284330000,2271796700.0000,0.0032,44.2859,3.3767,2.4774,-715.4087,0.0000,0.0000
751,08103,142256878,156482565.8000,,-4.6587,2.8292,-1.7083,-29.7213,0.0000,0.0000
752,08106,262125000,70773750.0000,,13.9433,0.5390,1.2030,-8.7393,0.0000,0.0000
753,08108,922719512,37831499.9920,,-0.4961,0.4150,0.1237,-1.3347,0.0000,0.0000
754,08109,221684268,90890549.8800,0.0140,-1.1616,1.2138,0.7313,-8.2824,0.0000,0.0000
755,00865,5837989696,414497268.4160,0.0000,32.4586,2.2228,0.5724,6.5540,0.0000,0.0000
756,08111,1835232850,130301532.3500,0.0000,-2.1421,0.7044,2.8694,-5.4149,0.0000,0.0000
757,00065,1503477166,383386677.3300,0.0000,-20.2497,1.9751,1.6118,8.9278,0.0000,0.0000
758,08115,55560000,29446800.0000,,-24.9715,1.2168,1.0753,13.4668,0.0000,0.0000
759,08116,3031101766,72746442.3840,,29.5597,0.3253,0.1757,2.4233,0.0000,0.0000
760,08117,1023987439,368635478.0400,0.0000,-34.3973,2.5625,0.8847,11.9446,0.0000,0.0000
761,01009,1369157235,835185913.3500,0.0002,-12.4140,2.8180,0.3967,2.0864,0.0000,0.0000
762,08119,280750261,84225078.3000,,-6.4988,4.9220,1.2766,-8.8911,0.0000,0.0000
763,08120,153029515,35196788.4500,0.0039,-0.8682,0.4794,0.1578,-1.3900,0.0000,0.0000
764,00510,4955763588,203186307.1080,0.0003,-1.4097,1.6460,0.3408,1.9125,0.0000,0.0000
765,08123,7748958120,154979162.4000,,-4.9652,0.4494,0.5065,-115.4947,0.0000,0.0000
766,08126,476300000,135745500.0000,0.0011,6.1739,0.0610,0.2211,-2.5435,0.0000,0.0000
767,08130,3564945946,655950054.0640,0.0001,-15.3690,6.1213,1.3378,15.3188,0.0000,0.0000
768,08131,301108062,25293077.2080,,-5.0095,1.6681,-1.2918,21.5077,0.0000,0.0000
769,01083,2870687008,15128520532.1600,0.0002,12.3571,1.2835,0.8336,149.9655,2.7862,2.7862
770,00268,3318940571,25821357642.3800,0.0066,53.5705,7.8602,4.0847,58.1512,0.1460,0.1460
771,00183,5548125668,477138807.4480,,3.2691,0.7478,0.2460,3.8729,2.0930,2.0930
772,08137,9854533606,5321448147.2400,0.0003,5.4608,22.3019,1.1418,4083.9970,0.0000,0.0000
773,03886,7526134452,5177980502.9760,,80.8883,4.6160,1.1927,14.6495,0.3634,0.3634
774,00803,1343649151,241856847.1800,0.0001,-0.1322,0.1038,0.2696,-1.0231,0.0000,0.0000
775,08143,2818249944,194459246.1360,,-3.8617,0.5948,1.3174,-62.0483,0.0000,0.0000
776,08148,1272640000,80176320.0000,0.0017,-2.0575,1.4856,0.3054,-2.9223,0.0000,0.0000
777,08150,1572517252,124228862.9080,0.0001,-18.4782,1.0262,2.5090,-3.3543,0.0000,0.0000
778,01061,578807000,2853518510.0000,0.0009,12.3480,2.4255,2.7136,35.2633,1.2705,1.3792
779,08153,3746172752,63684936.7840,0.0068,-1.2580,2.2695,-0.3572,-185.1306,0.0000,0.0000
780,08155,11178498344,201212970.1920,0.0000,-25.6290,179.4942,13.6148,-15.4982,0.0000,0.0000
781,08156,4108855068,1212112245.0600,0.0028,-19.8596,47.8207,-15.4393,-126.4461,0.0000,0.0000
782,01075,774498000,263329320.0000,0.0002,13.5537,0.7895,0.8464,-33.2953,3.3529,3.3529
783,08158,879289500,131893425.0000,0.0000,-0.1105,1.8079,0.2747,-0.6267,0.0000,0.0000
784,08159,640000000,128000000.0000,,5.2339,0.3292,1.0347,26.2456,1.5000,1.5000
785,01371,1002480733,173429166.8090,0.0010,-1.0234,0.9429,0.1679,-5.4038,0.0000,0.0000
786,08163,244809415,36721412.2500,0.0000,-0.3989,0.0656,-4.9337,-1.5331,0.0000,0.0000
787,08165,2324301136,85999142.0320,,-9.3061,18.0277,68.5058,-15.4555,0.0000,0.0000
788,08167,9522184345,1304539255.2650,0.0005,-15.4520,0.5158,1.0139,-10.5562,0.0000,0.0000
789,08169,649540000,58458600.0000,,12.0608,0.5712,0.5318,3.1592,0.0000,0.0000
790,08171,42716118022,427161180.2200,0.0000,-79.0161,4.9076,3.7477,-194.6952,0.0000,0.0000
791,08172,4209131046,416703973.5540,0.0000,-1.7652,9.6609,0.6926,-3.8069,0.0000,0.0000
792,08173,3415197762,92210339.5740,,-1.1553,2.5730,-0.1882,-40.9824,0.0000,0.0000
793,08175,1940176170,236701492.7400,0.0001,-2.3268,0.8156,0.2886,-1.2793,0.0000,0.0000
794,08176,506219666,1518658998.0000,0.0000,-11.4750,23.8262,10.9963,-41.7054,0.0000,0.0000
795,08178,5722159908,343329594.4800,,-4.5455,6.6452,0.8512,-12.0159,0.0000,0.0000
796,00801,2916932138,2333545710.4000,0.0002,-3.4548,7.3924,0.5265,5.0544,0.0000,0.0000
797,01102,452392207,156075311.4150,0.0001,-10.7409,0.1762,0.2766,-1.0293,0.0000,0.0000
798,08186,145440151,34323875.6360,0.0028,-0.9132,1.2090,1.6467,-1.1708,0.0000,0.0000
799,08189,1197000000,280098000.0000,,-2.1312,1.0761,1.3659,68.6752,0.0000,0.0000
800,08190,3841500000,92196000.0000,,-1.4579,1.2942,0.5224,1.8156,0.0000,0.0000
801,08192,1036379025,49746193.2000,0.0001,-0.3574,0.2751,0.3030,-0.9026,0.0000,0.0000
802,02488,178656600,893283000.0000,,31.4710,2.2418,2.0394,-8.4798,7.5353,2.1131
803,08198,3158599836,385349179.9920,0.0002,-11.3049,63.8630,1.0642,-44.5233,0.0000,0.0000
804,01066,4522332324,38982504632.8800,0.0018,22.6394,3.7856,2.1749,5010.7934,1.3225,1.4501
805,08200,750493549,83304783.9390,0.0000,-0.8734,0.0344,0.0951,-0.8542,0.0000,0.0000
806,08202,1128124099,33843722.9700,0.0006,0.0841,1.0172,-0.1600,-11.5983,0.0000,0.0000
807,08203,576566055,102628757.7900,0.0009,9.7648,0.6884,0.2402,14.7408,1.9101,1.9101
808,08205,132000000,28776000.0000,,15.7642,1.4625,1.5652,153.1565,0.0000,0.0000
809,08206,1895697017,635058500.6950,0.0001,10.7944,3.5795,2.1190,7.1662,0.0000,0.0000
810,00954,183700000,156145000.0000,,7.6206,0.6024,0.6219,30.3258,6.8374,6.8374
811,02086,319564892,316369243.0800,0.0000,-13.4889,2.2978,2.5396,-201.1248,0.0000,0.0000
812,08211,475500000,76080000.0000,,-40.7726,0.9624,0.5293,8.5901,0.0000,0.0000
813,08212,1533654788,32206750.5480,,-0.2075,0.7780,0.1880,-0.3763,0.0000,0.0000
814,08213,4166175000,191644050.0000,0.0004,-2.5244,0.7611,-2.9308,13.3914,0.0000,0.0000
815,00354,2544307358,8676088090.7800,0.0055,10.3610,0.7007,1.2048,8.7830,0.6305,0.6305
816,08220,855384669,94092313.5900,0.0001,-3.5628,2.4730,1.2073,-2.8805,0.0000,0.0000
817,00950,592309343,2612084202.6300,0.0077,6.2450,2.2961,1.0586,-13.4751,2.6754,2.3129
818,00775,9611072400,3363875340.0000,0.0002,12.7904,0.6428,0.7782,-13.9608,2.8571,2.8571
819,08225,992771660,118139827.5400,,4.4820,1.7418,2.3702,37.8293,0.0000,0.0000
820,08226,2783359958,77934078.8240,0.0000,6.7040,1.8712,0.3001,-5.1949,0.0000,0.0000
821,08227,645764706,2156854118.0400,0.0005,-106.2049,98.8991,338.9186,-553.4607,0.0000,0.0000
822,08228,4948170452,1014374942.6600,0.0003,-2.4410,6.5938,13.3024,887.4671,0.0000,0.0000
823,00895,200137500,1368940500.0000,0.0012,12.6470,1.5709,1.1123,-26.7585,2.3861,2.3861
824,01349,340000000,1961800000.0000,0.0007,30.0642,6.1305,4.7251,38.0198,1.4234,1.4234
825,08235,209000000,70015000.0000,0.0000,6.9421,1.1954,1.1546,2.6956,2.4630,2.4630
826,08236,60750000,121500000.0000,0.0000,13.4146,0.1203,0.2440,2.2016,0.0000,0.0000
827,08239,1301118056,117100625.0400,0.0029,-3.9528,1.3661,1.9866,0.8031,0.0000,0.0000
828,08249,130000000,23400000.0000,0.0000,-67.8527,1.2459,-1.8331,14.6033,0.0000,0.0000
829,08250,7492562338,172328933.7740,0.0006,-2.2758,0.5780,0.3345,2.2571,0.0000,0.0000
830,08256,1214255718,53427251.5920,,17.4030,0.9523,14.7223,-6.1687,0.0000,0.0000
831,08258,331000000,34755000.0000,0.0004,10.3732,3.1210,0.7670,-40.7979,0.0000,0.0000
832,02218,107464000,638336160.0000,0.0000,13.2107,2.1772,1.0486,6.0884,1.9732,1.9732
833,00568,256126400,291984096.0000,0.0010,8.3914,0.1743,0.4022,-9.4629,0.0000,0.0000
834,08266,412089994,119506098.2600,0.0002,-4.4484,0.2384,1.6158,6.3506,0.0000,0.0000
835,08270,1319484534,65974226.7000,0.0000,-0.5349,0.3363,0.2546,-13.1166,0.0000,0.0000
836,08272,79254000,11095560.0000,0.0343,0.1305,0.4792,1.6966,-6.0864,0.0000,0.0000
837,00509,4581116843,948291186.5010,0.0006,1.9996,0.2037,0.2274,-37.4700,0.0000,0.0000
838,08279,11672342235,3618426092.8500,0.0005,11.4813,21.4650,1.2328,25.1923,0.0000,0.0000
839,02308,308352000,265182720.0000,0.0000,5.7964,0.6392,0.4161,2.3350,0.0000,0.0000
840,08286,110000000,33000000.0000,,-2.7185,3.0122,-2.2255,4.1544,0.0000,0.0000
841,01708,229500000,1356345000.0000,0.0014,20.4874,2.1888,2.0181,-17.5001,1.9255,1.9255
842,01265,500060000,370044400.0000,,29.3123,1.0077,0.6969,5.1954,0.0000,0.0000
843,02280,1121652210,2736831392.4000,0.0016,8.4822,0.2209,0.4860,33.7533,0.0000,0.0000
844,00872,2063615283,784173807.5400,0.0001,-6.4074,1.7150,0.9144,43.4874,0.0000,0.0000
845,08299,1496782160,89806929.6000,0.0001,2721.4221,0.5482,0.2990,-3.3998,0.0000,0.0000
846,08301,200200000,54054000.0000,0.0187,243.5080,2.4751,14.5270,-28.6115,0.0000,0.0000
847,08317,666538774,249952040.2500,0.0000,-8.6578,12.7286,3.6574,-42.1291,0.0000,0.0000
848,03300,1810147058,733109558.4900,0.0000,6.7195,0.2400,0.2920,31.7713,0.0000,0.0000
849,01088,3398582500,53969490100.0000,0.0031,6.1054,1.0203,0.7013,-28.2972,6.4871,6.4871
850,02018,1208500000,41028575000.0000,0.0039,9.2218,1.9306,2.0204,-617.9139,4.2303,4.2171
851,00423,431600000,574028000.0000,0.0003,8.0260,0.4482,0.6199,64.0442,6.3910,6.3910
852,00833,946116360,425752362.0000,,4.0843,0.3314,0.7362,-3.5351,0.0000,0.0000
853,02777,1015258400,12650119664.0000,0.0028,4.0999,0.4466,0.5051,314.5889,11.2576,11.3365
854,02728,3634517408,592426337.5040,0.0009,-1.6839,0.3204,-2.4768,-135.8776,0.0000,0.0000
855,02727,2972912000,7343092640.0000,0.0011,10.7715,0.3174,0.3837,3.4570,2.9008,2.9008
856,01103,6202079812,99233276.9920,0.0001,-0.0658,0.0650,1.2476,-0.2619,0.0000,0.0000
857,02000,2458328300,560498852.4000,0.0005,2.3549,0.2424,0.2712,2.3155,22.7252,4.4590
858,01919,2580600000,7045038000.0000,0.0016,23.3401,0.2386,0.4814,4.5145,0.0000,0.0000
859,03328,35011862630,178560499413.0000,0.0004,4.4123,,0.5149,22.2225,6.8548,6.8548
860,00462,2708782228,5959320901.6000,,-7.9380,203.4106,5.1521,-1296.6320,0.0000,0.0000
861,00483,367380000,407791800.0000,,-6.5664,0.3135,0.5498,-24.3851,5.4054,5.4054
862,00464,445646000,953682440.0000,,-17.5519,2.2960,6.5112,35.0528,0.0000,0.0000
863,00482,3278825335,295094280.1500,0.0000,-1.5744,0.2269,0.5367,-4.9951,0.0000,0.0000
864,00838,1727661800,1157533406.0000,,14.0030,0.3157,0.4424,-6.7999,2.2084,1.9106
865,02028,612881500,171606820.0000,,-5.1783,0.4442,0.5885,-1.9321,0.0000,0.0000
866,00444,6043950000,894504600.0000,0.0001,-7.2824,2.1575,0.8425,-8.2291,0.0000,0.0000
867,00426,400900000,188423000.0000,0.0000,-15.5631,1.9110,3.8408,-27.4950,0.0000,0.0000
868,00471,3151332960,116599319.5200,0.0007,0.5987,2.2958,0.0538,11.1553,0.0000,0.0000
869,03344,6298816169,648778065.4070,,-2.3558,1.0617,99.6587,-14.1943,0.0000,0.0000
870,01068,1822755650,1695162754.5000,0.0015,-0.3562,0.1340,0.7392,30.6473,0.0000,0.0000
871,03389,4662666959,1701873440.0350,0.0034,21.1616,0.5414,0.3432,2.7016,3.8460,15.4548
872,08329,426000000,102666000.0000,,7.1622,0.3972,0.4421,-12.7428,0.0000,0.0000
873,00164,3721561225,368434561.2750,,-0.2838,8.2646,-1.0109,-12.3715,0.0000,0.0000
874,08166,777132430,35748091.7800,,-0.5224,0.6953,0.1151,2.2152,0.0000,0.0000
875,00603,5839123834,1430585339.3300,0.0010,5.0747,0.1520,0.2278,3.9602,1.6327,1.6327
876,00096,636549600,872072952.0000,,8.1825,0.5867,1.1540,15.5825,1.3285,1.3285
877,00776,287206000,502610500.0000,0.0000,-14.4010,1.9916,8.6756,-79.7443,0.0000,0.0000
878,00496,1493636881,11306831189.1700,0.0014,21.5308,2.6838,3.2277,516.2109,3.9630,3.9630
879,03399,207000000,505080000.0000,0.0004,5.1138,0.2659,0.5048,-2.2517,8.1490,8.1490
880,00939,240417319880,1379995416111.2000,0.0013,4.8206,1.9369,0.6503,4.2558,6.0797,6.0797
881,00536,794633719,921775114.0400,0.0003,10.2684,3.3898,2.6408,385.1965,8.1897,8.0172
882,03339,4280100000,7661379000.0000,0.0019,5.7212,0.5514,0.8292,7.0644,11.1732,11.1732
883,00359,1289788000,245059720.0000,0.0000,2.6380,0.1199,0.1181,1.6612,0.0000,0.0000
884,03336,1166342445,2111079825.4500,0.0002,15.2249,0.2327,0.2835,-3.6904,5.5249,5.5249
885,00531,3118909773,1122807518.2800,0.0006,7.9842,0.2987,0.3857,-7.5112,0.0000,0.0000
886,03368,2634532250,1554374027.5000,0.0006,-16.7916,0.3045,0.3004,1.6391,5.7486,5.7486
887,02313,1503222397,161596407677.5000,0.0013,30.4349,6.5961,6.1535,140.7618,1.6279,1.6744
888,00425,1148990000,27345962000.0000,0.0034,14.0763,1.8621,1.7727,34.9642,2.7770,2.7770
889,00095,4992241524,13978276267.2000,0.0034,9.6229,2.6364,1.0218,-96.3944,1.8929,1.8929
890,00489,2855732000,19733108120.0000,0.0089,3.9240,0.4872,0.4107,-7.6644,5.7569,5.6773
891,02088,1408784198,322611581.3420,0.0000,5.7463,6.5398,0.4538,89.4484,0.0000,0.0000
892,03318,896274814,1398188709.8400,0.0001,9.3587,1.0406,0.4664,8.9952,2.1496,2.1496
893,03398,2099818000,661442670.0000,0.0006,31.4299,0.2908,0.2538,-90.6831,0.0000,0.0000
894,02662,1077128000,1249468480.0000,,14.3916,0.4278,2.1239,-76.9093,1.0345,1.0345
895,02005,3034025385,21177497187.3000,0.0008,23.2267,5.0654,4.4018,83.2884,1.2809,1.4279
896,03383,3917047500,39640520700.0000,0.0012,4.7558,0.6035,0.5566,2.0373,9.8814,10.8696
897,03393,999961675,2879889624.0000,0.0006,9.0966,0.7375,0.5451,18.5750,6.9444,9.0278
898,03378,986700000,966966000.0000,0.0001,9.3243,0.1767,0.2001,259.3223,2.3163,2.3163
899,03330,297274000,419156340.0000,0.0037,1.3129,0.2764,0.6582,2.9545,16.5360,16.5360
900,02398,403200000,350784000.0000,0.0001,-5.2127,0.2759,0.4267,21.9520,6.6207,0.0000
901,00919,904483942,142003978.8940,,-10.6858,0.2465,0.7598,59.2671,0.0000,0.0000
902,02788,820540000,681048200.0000,,11.2558,1.2447,0.9770,-8.2740,20.4848,18.5542
903,08247,64286143,87429154.4800,0.0002,-82.0564,0.5545,0.4878,-20.0353,8.6066,8.6066
904,01292,55000000,118800000.0000,0.0001,6.4923,0.0586,0.1498,-10.7544,5.2699,5.2699
905,02689,4692220811,29795602149.8500,0.0029,3.3177,0.4933,0.6943,10.1074,9.1208,9.0306
906,00840,202400000,62744000.0000,,-2.9000,0.2577,0.2344,-19.4410,0.0000,0.0000
907,00402,8156781100,244703433.0000,,-0.3863,1.2546,-0.8473,-3.8863,0.0000,0.0000
908,03323,3868697794,25842901263.9200,0.0051,5.9591,0.2196,0.3478,-18.6331,3.0669,3.0669
909,03308,1679406000,14526861900.0000,0.0008,13.7974,1.8892,1.9595,-26.6989,3.9354,3.6840
910,00707,7425668000,460391416.0000,0.0007,-0.4928,2.3762,1.0948,-6.5247,0.0000,0.0000
911,02345,911652000,738438120.0000,0.0003,4.2656,0.1325,0.2997,3.4043,5.7531,5.7531
912,02880,5158715999,5107128839.0100,0.0042,20.8368,1.1314,0.5486,-7.9788,2.1848,2.1848
913,01057,216785000,199442200.0000,0.0012,85.3548,0.5483,0.4456,-15.5337,0.0000,0.0000
914,03335,1040900000,2113027000.0000,,-229.0421,,-6.0765,-19.4771,0.0000,0.0000
915,03988,83622276395,249194383657.1000,0.0015,4.1787,1.4937,0.4676,1.0311,7.0747,7.0747
916,00474,6084798915,1393418951.5350,0.0000,-3.6585,4.3611,0.5005,-2.7474,0.0000,0.0000
917,00527,1799140800,629699280.0000,0.0023,-8.4120,1.4955,0.6263,-10.1670,0.0000,0.0000
918,00272,8062216324,12818923955.1600,0.0005,5.7491,0.4411,0.2410,-6.8770,7.5472,7.5472
919,00515,2718236970,122320663.6500,0.0004,-0.9144,0.3593,0.8914,-5.2285,0.0000,0.0000
920,00813,3301493464,72302706861.6000,0.0008,6.9906,0.7222,0.5865,4.0799,5.4993,5.9361
921,00352,246183390,142786366.2000,,-16.1663,4.6778,2.7146,9.7797,0.0000,0.0000
922,03900,2170920190,13937307619.8000,0.0026,11.8521,0.1972,0.1916,0.9108,4.1990,4.1990
923,03322,1284400000,655044000.0000,0.0020,15.5029,0.1583,0.3007,-12.3001,7.8431,3.9216
924,03968,4590901172,164583807016.2000,0.0020,9.5753,3.1213,1.5078,9.8752,2.9847,2.9847
925,03303,1634016389,1127471308.4100,,36.3079,0.6508,0.4842,-1.5917,2.8986,2.8986
926,00814,182160000,238629600.0000,0.0000,7.2770,0.0395,0.2281,5.4571,6.9506,6.9506
927,03983,1771000000,3612840000.0000,0.0008,5.8342,0.7145,0.5709,-2.4983,8.3676,8.3676
928,02700,1473266145,293179962.8550,,-3.6899,3.5714,1.3457,12.6262,0.0000,0.0000
929,00637,828750000,281775000.0000,,-3.2518,0.1237,0.2789,4.5886,0.0000,0.0000
930,00320,839740000,520638800.0000,,50.6015,0.1522,0.4039,-1.8354,2.6452,2.6452
931,00558,1191265000,702846350.0000,0.0000,3.6861,0.1950,0.3271,17.0643,7.9661,7.9661
932,03918,4341008041,49661131989.0400,0.0011,16.2013,4.2921,3.8332,23.9893,3.6582,4.2675
933,01398,86794044550,427026699186.0000,0.0014,5.0477,2.0722,0.6761,-34.5754,5.7881,5.7881
934,00609,851954000,477094240.0000,,-6.6820,0.3460,0.3358,-2.7503,0.0000,0.0000
935,01888,3081000000,19009770000.0000,0.0009,5.8485,0.9208,1.0504,-34.3834,8.5089,7.2934
936,01818,1049215000,10660024400.0000,0.0062,58.8631,3.8899,1.7418,-38.5398,0.4478,0.4478
937,00552,2391420240,10378763841.6000,0.0033,8.8777,0.2426,0.8024,9.1215,3.9482,3.9482
938,00528,629678000,1038968700.0000,0.0006,8.6900,0.7116,0.7698,13.0805,3.6364,3.6364
939,02006,1391500000,1614140000.0000,0.0054,7.2711,0.2684,0.3070,-7.9933,7.8457,7.8457
940,01800,4427500000,26786375000.0000,0.0034,4.2354,0.1718,0.3540,-32.4993,4.4467,4.4467
941,01388,422416638,684314953.5600,0.0002,4.5269,0.2791,0.2888,-15.9110,6.4815,5.5556
942,01898,4106663000,12977055080.0000,0.0022,7.9873,0.3442,0.3264,-19.8528,2.8847,2.8847
943,03898,547329400,16857745520.0000,0.0047,11.8376,5.2233,1.5802,32.4027,1.6596,1.6596
944,01899,1545926223,3091852446.0000,0.0006,10.0483,0.3505,0.3687,7.9431,7.2410,7.2410
945,01882,1596000000,23173920000.0000,0.0004,10.3283,1.8245,1.6576,26.7635,3.0303,2.7548
946,01399,1090001246,354250404.9500,0.0035,3.2578,0.0436,0.3090,8.4470,0.0000,0.0000
947,01808,526508982,144789970.0500,,-4.9626,0.8322,0.5760,-3.9409,0.0000,0.0000
948,01889,3067222500,334327252.5000,0.0023,-1.2456,4.4630,1.3416,-6.1110,0.0000,0.0000
949,00546,2543334037,9588369319.4900,0.0003,4.4398,0.5951,0.7763,6.2384,7.3839,8.7352
950,01383,6666972746,8333715932.5000,0.0015,-4.9012,9.0187,-3.8663,-34.1533,0.0000,0.0000
951,01886,2671719394,5396873175.8800,,360.3388,0.8335,0.4328,18.0324,0.0000,0.0000
952,01838,1809077000,1519624680.0000,,3.6211,13.5672,0.0364,-5.1419,0.0000,0.0000
953,00538,1091538820,2510539286.0000,0.0020,3.8947,0.9026,0.6868,-13.5699,6.4348,7.2609
954,00475,338154000,270523200.0000,,-7.5979,1.8202,9.7021,23.4158,0.0000,0.0000
955,02007,21660382667,212271750136.6000,0.0007,5.2407,0.4786,1.0240,1.9977,5.6874,6.1010
956,00717,6740845724,1557135362.2440,0.0001,2.8353,1.1848,0.2877,4.2209,12.3377,2.7706
957,03993,3933468000,8889637680.0000,0.0137,9.0328,1.6128,0.9179,12.0942,5.5327,5.5327
958,00998,14882162977,60719224946.1600,0.0010,3.8313,1.0288,0.4153,5.3902,6.4134,6.4134
959,00469,844559841,384274727.6550,0.0000,5.0846,0.2739,0.5141,2.4130,0.0000,0.0000
960,00602,1037500002,257300000.4960,,8.7481,0.3104,0.3912,105.8828,8.8306,8.8306
961,01382,1446423000,7506935370.0000,0.0008,8.7110,1.2268,2.2960,35.5432,10.9827,10.9827
962,00811,441937100,2430654050.0000,0.0011,6.2273,0.7392,0.7117,7.7556,6.2499,6.2499
963,01386,716190000,680380500.0000,0.0004,-2.6516,6.1657,-2.9804,-12.1308,0.0000,0.0000
964,01991,871178000,348471200.0000,,-92.7772,0.9239,0.8963,3.8672,0.0000,0.0000
965,00819,1126726500,6681488145.0000,0.0021,4.5516,0.1650,1.0063,-147.8656,6.4081,6.4081
966,03933,1639720770,7444332295.8000,0.0019,9.3504,0.8502,1.0606,-56.7165,1.5037,1.5037
967,02382,1096849700,120324412090.0000,0.0084,41.2694,3.9641,10.6201,100.4635,0.6035,0.6035
968,00822,893761400,294941262.0000,0.0001,2.5973,0.1592,0.3118,13.7463,10.6061,10.6061
969,00573,1016611000,1341926520.0000,0.0000,11.5296,0.3242,0.8129,-25.0584,8.7121,9.0909
970,01813,3174795463,21842592785.4400,0.0022,4.6287,2.4980,0.5552,1.4000,9.2851,10.2743
971,00658,1635291556,6917283281.8800,0.0005,28.4719,0.7233,0.5701,-3.0224,1.8913,1.8913
972,01155,841464831,244024800.9900,,1.8506,0.1363,0.1151,-3.0155,0.0000,0.0000
973,01836,794436500,9851012600.0000,0.0018,19.1742,0.7900,1.3358,-85.4916,6.0480,6.8547
974,03331,1195087373,15464430606.6200,0.0002,23.8169,1.0394,1.7240,169.7542,1.5452,1.6228
975,02020,2701269000,171125391150.0000,0.0018,35.5785,6.0570,8.1561,69.7224,1.2238,0.9287
976,00825,1686145000,2191988500.0000,0.0003,198.7657,0.5737,0.3712,-13.3427,0.0000,0.0000
977,00656,8542152744,85763213549.7600,0.0008,5.4644,0.6699,0.4558,3.2324,3.6870,4.9818
978,00826,2539200000,6068688000.0000,0.0016,20.0387,1.0329,1.1125,14.1078,1.6986,1.6986
979,01393,2045598399,552311567.7300,0.0001,-1.1457,0.4419,0.7009,-41.6048,0.0000,0.0000
980,03838,5995892043,839424886.0200,0.0001,3.1071,0.1414,0.2600,-2.2435,8.5714,8.5714
981,03377,7616095657,21325067839.6000,0.0004,5.1008,0.4401,0.2943,1.0772,7.6071,6.5357
982,03999,1016189000,416637490.0000,0.0003,27.0626,0.0494,0.1978,-2.8818,0.0000,0.0000
983,00410,5199524031,11958905271.3000,0.0003,5.3290,5.9611,0.2983,-3.4000,1.4842,1.4842
984,03883,2690383354,24590103855.5600,0.0051,8.7347,0.6786,0.6235,2.6314,4.5802,4.5802
985,03888,1372728717,22650023830.5000,0.0276,49.7090,3.2758,1.8221,12.9196,0.0000,0.0000
986,03818,5886121025,4885480450.7500,0.0018,4.9634,2.0046,0.4188,-13.2653,3.3614,10.1075
987,03998,10712770385,28924480039.5000,0.0012,25.9332,2.4509,2.5175,-255.7757,2.9639,2.9639
988,03833,759000000,493350000.0000,0.0059,-22.6912,1.0747,0.3099,8.6056,0.0000,0.0000
989,01328,11346472321,1384269623.1620,,18.1078,5.1096,1.6902,17.0685,0.0000,0.0000
990,03828,734262697,587410157.6000,0.0005,5.8595,0.2862,0.5374,-6.5827,8.7280,8.1250
991,00777,530496316,9888451330.2400,0.0023,15.4821,1.6767,1.7541,-89.9210,1.3418,1.6094
992,00672,5769359800,1471186749.0000,0.0028,4.3812,0.2431,0.1278,-1.2922,0.0000,0.0000
993,03800,19841049207,6051520008.1350,0.0022,-7.4862,0.2524,0.2029,-0.7804,0.0000,0.0000
994,00033,937797200,184746048.4000,,-1.7931,2.7602,0.6917,-3.3707,0.0000,0.0000
995,00806,1855814831,7423259324.0000,0.0022,32.3520,4.5226,1.7960,-12.8465,22.9988,1.5000
996,00390,4207390000,21036950000.0000,0.0053,5.6971,0.1323,0.4492,182.2153,2.9146,2.9146
997,00189,2111689455,7918835456.2500,0.0008,3.1816,0.4764,0.7926,3.6423,9.3333,9.3333
998,02002,819362000,934072680.0000,0.0008,2.4065,0.1217,0.3143,16.1172,3.5088,3.5088
999,03337,3006481855,2435250302.5500,0.0085,9.3412,0.7077,0.7739,-4.4128,1.4067,1.4067
1000,00220,4319334000,38182912560.0000,0.0007,31.6371,1.4963,2.5750,-41.2011,3.0984,3.0984
1001,00543,1134055667,2007278530.5900,0.0002,12.9308,1.6784,1.9201,-45.3803,8.9983,8.9983
1002,00422,907680000,188797440.0000,0.0000,-0.5748,0.2627,0.3277,1.5621,0.0000,0.0000
1003,00285,2253204500,21473038885.0000,0.0059,8.3927,0.4475,1.2081,9.5293,2.3286,2.3286
1004,00556,840000000,1075200000.0000,0.0038,-47.6466,5.6866,0.8174,1.3761,0.0000,0.0000
1005,00117,744750000,268110000.0000,,1.4358,0.2192,0.2559,-1.1026,0.0000,0.0000
1006,00505,855558173,462001413.4200,0.0007,14.3957,0.0793,0.3701,81.4415,0.0000,0.0000
1007,00869,1180000000,601800000.0000,0.0011,1070.8185,1.2691,0.6009,-47.6485,0.0000,0.0000
1008,00848,5140326000,2493058110.0000,0.0001,2.6623,0.3479,0.1434,1.0782,7.5052,7.5052
1009,00757,3211780566,340448739.9960,0.0001,-1.3131,0.0726,0.4844,6.5427,0.0000,0.0000
1010,00708,8640000000,66355200000.0000,0.0000,-39.6066,18.0698,21.6488,-77.7397,0.0000,0.0000
1011,00196,5355994900,2999357144.0000,0.0002,31.2664,0.6118,0.6161,-5.7126,0.0000,0.0000
1012,01186,2076296000,17773093760.0000,0.0030,5.5594,0.2145,0.4872,143.5255,2.7874,2.7874
1013,00151,12422637135,75529633780.8000,0.0009,19.1177,3.2090,4.3080,14.7726,4.4110,4.4110
1014,03333,13128199900,215565042358.0000,0.0007,4.9247,0.3950,0.5636,-7.9484,7.8030,9.6820
1015,08348,98243200,48139168.0000,,5.3793,0.0568,0.1449,-0.8987,0.0000,0.0000
1016,00789,5519840644,320150757.3520,0.0015,10.3131,1.1801,2.0199,6.6582,0.0000,0.0000
1017,00743,1566851000,14242675590.0000,0.0012,5.0292,1.0745,0.9814,2.9953,7.7558,7.7558
1018,08340,640000000,37760000.0000,,20.9313,1.8679,1.2035,-18.4736,0.0000,0.0000
1019,01368,2499768000,10474027920.0000,0.0040,13.6431,1.4032,1.3636,-14.0549,4.5109,5.2460
1020,00832,2732222560,9016334448.0000,0.0002,6.6935,0.5226,0.7470,2.6723,6.4467,9.0050
1021,03813,5356472615,13284052085.2000,0.0017,20.8767,0.4998,1.5914,32.3397,1.0081,1.0081
1022,00800,2700886628,405132994.2000,0.0002,-4.0808,2.3418,0.2527,-1.4977,0.0000,0.0000
1023,02722,1100187470,594101233.8000,0.0001,3.8302,0.3219,0.2466,4.3133,8.4335,8.4335
1024,01812,528305250,1600764907.5000,0.0008,3.0079,0.2614,0.3118,-17.8536,9.0139,9.0139
1025,00691,4353966228,11494470841.9200,0.0000,4.4730,0.5571,0.9541,10.0000,0.0000,0.0000
1026,00623,490712370,603576215.1000,0.0004,6.2867,0.3196,0.3736,13.9973,6.2763,6.2763
1027,00880,5664109293,41631203303.5500,0.0018,14.6069,1.2362,1.4804,274.4311,3.9447,3.9456
1028,00756,1347860727,157699705.0590,0.0002,11.9912,0.2095,0.0801,-1.0545,0.0000,0.0000
1029,00887,6779458129,1152507881.9300,0.0004,4.3609,0.2441,0.2542,-1.2854,7.3529,5.2941
1030,01766,4371066040,23122939351.6000,0.0026,11.5194,0.6071,0.9061,-7.4833,3.3056,3.3056
1031,01387,5715593056,14003202987.2000,0.0001,-33.2479,10.6314,1.4738,46.9768,0.0000,0.0000
1032,00195,6830000000,361990000.0000,0.0000,9.2004,0.8380,0.6694,-14.2555,0.0000,0.0000
1033,00834,432948000,342028920.0000,0.0011,51.9463,0.2088,0.4609,-5.2553,0.0000,0.0000
1034,00852,2124412090,828520715.1000,0.0000,111.1810,0.0363,0.5738,-1.6344,0.0000,0.0000
1035,00750,834073195,667258556.0000,,-0.8816,0.1355,0.1621,-0.5535,0.0000,0.0000
1036,00802,2743729744,288091623.1200,0.0006,-6.1619,3.1753,0.5506,-14.7264,0.0000,0.0000
1037,00794,352730000,208110700.0000,,4.9587,0.1756,0.3290,-9.0727,6.7797,6.7797
1038,00841,584726715,210501617.4000,0.0002,8.0671,0.1299,0.2305,-53.6037,0.0000,0.0000
1039,01008,1567884634,1207271168.1800,,7.1275,0.8833,0.4212,20.5406,16.5584,0.0000
1040,00886,2260097946,429418609.7400,0.0000,-2.9456,0.2519,0.7897,1.9515,0.0000,0.0000
1041,00215,4819096208,6216634108.3200,0.0008,15.3877,0.7857,0.5244,-1.4937,66.8991,66.7674
1042,01333,5449473140,16893366734.0000,0.0005,3.4542,0.5660,0.4122,1.7636,8.7097,8.7097
1043,00067,5603859393,7004824241.2500,,-30.9574,,-0.8394,-8771.7784,0.0000,0.0000
1044,00396,808096025,182629701.6500,,-2.4617,0.6957,0.5967,-3.9962,0.0000,0.0000
1045,01361,2067602000,3163431060.0000,0.0013,8.9138,0.5218,0.4543,-5.7537,4.9673,6.0784
1046,00866,2493413985,605899598.3550,0.0000,0.3430,0.1413,1.0205,14.4011,0.0000,0.0000
1047,01338,3162440720,281457224.0800,0.0000,-201.6537,0.8206,1.7218,11.3502,0.0000,0.0000
1048,00090,458600000,385224000.0000,0.0006,7.2497,1.1733,0.6270,-330.0278,4.1667,4.1667
1049,00449,8434178000,480748146.0000,0.0004,-0.8250,0.0449,0.4182,-1.2845,0.0000,0.0000
1050,02009,2338764870,5145282714.0000,0.0022,6.1738,0.4807,0.2598,33.1227,2.8895,2.8895
1051,02288,477447000,334212900.0000,0.0000,1.0129,0.3793,0.2274,5.5486,8.5714,8.5714
1052,08325,1644188693,509698494.8300,0.0005,-1.6541,0.8098,0.4919,-6.7588,0.0000,0.0000
1053,00072,438352659,135889324.2900,,-3.3054,0.2582,0.2918,-2.8813,0.0000,0.0000
1054,08296,742500000,148500000.0000,0.0002,-15.2357,2.0305,1.2564,21.3943,0.0000,0.0000
1055,00633,2281890683,497452168.8940,0.0005,-0.6293,0.2506,0.1563,-2.7152,0.0000,0.0000
1056,01099,1192810740,32026968369.0000,0.0049,11.6918,0.1980,1.0016,8.4930,2.5696,2.5696
1057,01618,2871000000,5052960000.0000,0.0026,4.9103,0.1081,0.3123,-9.4226,4.5283,4.5283
1058,01234,1197484919,7496255592.9400,0.0010,8.5319,2.0232,1.9408,382.6418,8.6259,9.1054
1059,01668,8117130848,7873616922.5600,0.0008,2.4219,0.7663,0.2178,-4.1303,5.1484,5.1484
1060,00845,7792645623,2688462739.9350,,4.3902,0.2285,0.4903,16.3486,0.0000,0.0000
1061,01128,5196958600,79929223268.0000,0.0011,12.7981,2.0188,38.5444,18.6259,7.8023,5.8518
1062,00893,2249015410,515024528.8900,0.0000,-0.9909,0.6425,0.5525,26.1552,0.0000,0.0000
1063,01717,1607988044,17912986810.1600,0.0014,24.1060,2.8406,4.6242,17.7394,1.3461,1.3461
1064,01238,3997303000,19227027430.0000,0.0015,5.7721,0.8357,0.5085,3.0224,6.2370,6.7630
1065,08351,3618393070,47039109.9100,0.0011,0.1868,0.1223,0.3064,-0.2162,0.0000,0.0000
1066,01069,11024220415,110242204.1500,0.0015,-1.4492,1.8412,0.1707,-6.2039,0.0000,0.0000
1067,00829,3230480000,969144000.0000,0.0000,10.3203,0.9213,0.3174,-5.6759,12.0000,12.0000
1068,00712,628289531,92986850.5880,0.0006,-0.4434,0.4621,1.6902,-3.3117,0.0000,0.0000
1069,01628,5031534998,16553750143.4200,0.0020,4.0471,0.5836,0.6528,1.2406,9.0529,10.5213
1070,00891,3598322883,892384074.9840,0.0010,-3.3700,0.5179,0.2193,0.9138,0.0000,0.0000
1071,00846,6093451026,11516622439.1400,,11.8108,0.8675,0.6501,26.9754,0.0000,0.0000
1072,01318,1245000000,784350000.0000,,-22.6101,,-1.2929,-31.9596,0.0000,0.0000
1073,00591,1037500000,1265750000.0000,,-18.7964,10.4249,0.5607,-143.4723,0.0000,0.0000
1074,00389,2013018000,293900628.0000,0.0049,-68.8229,0.7086,0.3987,-317.1795,0.0000,0.0000
1075,00960,5960625605,166599485659.7500,0.0004,8.7743,1.2303,0.9696,7.7430,4.0330,4.2480
1076,01777,5766474184,6573780569.7600,0.0003,7.7340,0.4028,0.3030,0.4746,3.5085,3.5085
1077,00631,3098485500,9698259615.0000,0.0015,13.8121,1.8769,1.2857,32.3670,8.8388,3.1947
1078,01988,8320295289,42932723691.2400,0.0017,3.8506,,0.4651,7.0428,7.6251,7.6251
1079,01928,8086837591,284252341323.6500,0.0008,19.3189,4.1804,10.4879,25.1992,5.6569,5.6591
1080,00465,311250000,174300000.0000,0.0003,7.6548,0.0837,0.2839,0.9686,3.9286,3.9286
1081,00073,1249637884,749782730.4000,,1.2505,12.8222,6.4262,18.4370,0.0000,0.0000
1082,01638,6083178697,17093732138.5700,0.0012,5.3092,0.3772,0.3438,4.6562,4.2653,4.2680
1083,01866,1171621000,2378390630.0000,0.0002,3.2509,0.2210,0.4031,416.8835,5.6926,5.6926
1084,00916,3340029000,14896529340.0000,0.0041,7.8039,1.1604,0.5452,-14.0491,2.5179,2.5179
1085,00947,820217094,738195384.6000,0.0011,37.7829,0.5016,0.5704,5.9686,2.2222,2.2222
1086,01822,6810750454,183890262.2580,0.0110,-0.8102,0.1675,0.3271,-16.4276,0.0000,0.0000
1087,01918,4440965629,137447886217.5500,0.0024,7.1168,0.9451,1.5502,15.6244,3.0412,3.0412
1088,01006,573560000,1692002000.0000,0.0001,4.1722,0.4222,0.4855,3.2717,3.3898,3.3898
1089,01080,3274365600,252126151.2000,0.0008,-3.9711,0.2355,0.1677,3.0766,0.0000,0.0000
1090,02601,2775300000,87699480000.0000,0.0040,13.5588,0.7590,1.5433,26.3331,3.6013,3.6013
1091,01823,412608000,317708160.0000,,4.1487,1.5539,0.6603,22.0080,0.0000,15.7143
1092,00837,248714000,1111751580.0000,0.0002,8.3194,3.0507,1.4751,-5.5501,11.5705,11.5705
1093,00486,15193014862,48769577707.0200,0.0003,3.6590,0.6044,0.9912,109.0806,0.0000,0.0000
1094,01878,272702835,245432551.5000,0.0001,-0.7603,0.3012,-0.6975,64.1654,0.0000,0.0000
1095,00953,1419610000,261208240.0000,0.0001,17.7589,1.0237,0.5662,-1.9106,0.0000,0.0000
1096,01966,4126133380,15596784176.4000,0.0012,3.9383,0.7497,0.5498,1.8541,5.4199,6.3492
1097,01863,852612470,1168079083.9000,,32.1579,1.8652,3.6331,-244.4452,0.0000,0.0000
1098,01938,1011142000,455013900.0000,,-0.7825,0.2409,29.7665,-4127.9926,0.0000,0.0000
1099,02010,1591978666,318395733.2000,,-2.9518,0.7153,0.0475,-1.6227,0.0000,0.0000
1100,00948,305076383,552188253.2300,0.0000,19.1845,1.5114,2.1521,-458.2475,0.0000,0.0000
1101,01280,2537960017,900975806.0350,,-4.9337,0.8612,-3.8725,-87.9952,0.0000,0.0000
1102,00881,2271697955,55088675408.7500,0.0022,12.9242,0.4363,2.4219,43.4819,1.5258,1.5258
1103,01998,812600000,308788000.0000,,-55.8455,,-5.9096,,0.0000,0.0000
1104,01999,3823305200,13343335148.0000,0.0012,9.7839,1.1853,1.9868,66.3557,3.4383,3.4383
1105,00923,4823009000,342433639.0000,0.0000,-6.6461,1.7441,0.3621,-5.8831,0.0000,0.0000
1106,00877,821448240,3121503312.0000,0.0025,11.9236,1.2405,1.3414,95.8310,0.5141,0.5141
1107,00973,1476964891,22568023534.4800,0.0001,21.6700,1.7949,2.3621,-10.6755,1.6571,1.6571
1108,00503,399800000,335832000.0000,0.0002,267.4199,0.7523,0.4811,13.8698,7.9192,4.3356
1109,01972,5850000000,150345000000.0000,0.0004,5.2447,10.2143,0.5244,348.0208,3.2685,3.3463
1110,02222,4227280649,4396371874.9600,0.0013,-11.4800,0.7667,1.1042,-10.5916,0.0000,91.3462
1111,02268,1243025712,323186685.1200,,0.4189,0.0682,0.0583,-0.8528,0.0000,0.0000
1112,02378,2599879742,360083344267.0000,0.0000,11.6579,0.7431,1.9256,31.0734,3.6413,3.6229
1113,02188,925056000,453277440.0000,0.0003,-9.6798,1.4390,0.6846,-2171.6318,0.0000,0.0000
1114,08337,3697500000,181177500.0000,,-101.8996,0.7070,1.5538,-4.4147,0.0000,0.0000
1115,02208,773572399,7480445098.3300,0.0066,10.8954,1.2258,1.1838,-19.6157,2.9377,2.9377
1116,01282,27387512211,8900941468.5750,0.0005,13.2686,5.6243,0.8075,-6.9491,0.6154,0.6154
1117,02128,3102418400,22833799424.0000,0.0012,7.8275,0.8218,1.3172,11.4222,4.0761,4.3478
1118,08295,3550496836,1846258354.7200,0.0013,-6.4847,469.1889,2.6181,8.1134,0.0000,0.0000
1119,02238,3098620305,22372038602.1000,0.0149,5.8171,0.8760,0.8230,-6.6808,5.9878,5.1819
1120,00967,1506205421,4488492154.5800,,-3.9390,0.8202,0.8166,9.0062,0.0000,0.0000
1121,00951,1104126979,3113638080.7800,0.0001,6.4366,0.0986,0.5468,1.8094,2.3404,2.3404
1122,01020,3975448005,707629744.8900,0.0000,-7.4400,2.5526,1.2237,-9.9144,0.0000,0.0000
1123,00312,2495000000,2644700000.0000,0.0011,20.5880,2.3294,1.1642,-26.6144,1.8113,1.2547
1124,00976,1605152291,1091503557.8800,0.0016,2.7206,0.0522,0.2130,-4.3159,0.0000,0.0000
1125,01019,14938896000,2494795632.0000,,-26.1175,2.0701,0.5217,-2.1831,0.0000,0.0000
1126,02118,1005781955,2303240676.9500,0.0002,11.6289,0.4276,0.8793,-2.0870,2.1834,2.1834
1127,01900,1654024868,334113023.3360,0.0001,-2.4648,0.3102,0.1476,-12.9996,0.0000,0.0000
1128,01288,30738823096,92216469288.0000,0.0020,4.4414,1.4947,0.5720,-31.8481,6.5950,6.5950
1129,00936,1060000000,742000000.0000,0.0000,-17.3885,3.8988,1.3553,-28.0275,0.0000,0.0000
1130,00640,580775076,418158054.7200,0.0003,10.3733,0.6307,1.0980,-53.5894,3.7317,3.7317
1131,02233,5435132820,7283077978.8000,0.0026,5.3686,1.0529,0.7779,-12.7246,2.2164,4.1940
1132,01428,1697296308,2206485200.4000,0.0004,5.0042,2.6574,0.7548,-19.6732,6.0000,6.0000
1133,02198,1190000000,1749300000.0000,0.0001,3.7500,0.1561,0.4502,8.4286,13.6054,10.2041
1134,01039,1810953272,787764673.3200,0.0014,-9.7454,13.2228,3.4848,-2.2422,0.0000,0.0000
1135,00853,1607772017,12202989609.0300,0.0043,65.0165,2.3223,2.6843,-59.8296,0.3810,0.3810
1136,00867,2480408512,23439860438.4000,0.0033,10.8295,3.6870,2.2802,-508.8295,3.6453,4.0000
1137,00926,1630207820,619478971.6000,0.0021,-5.5577,1.3998,0.4566,-26.3519,0.0000,28.9474
1138,01698,2075000000,3486000000.0000,,149.1939,21.4517,-68.4641,1.7727,0.0000,0.0000
1139,01682,655927000,406674740.0000,,854.3587,2.1903,3.4894,-5.8285,0.0000,0.0000
1140,01308,2671300360,21343689876.4000,0.0001,13.7721,1.8772,2.5669,-197.7525,5.1274,5.5072
1141,00048,1990656000,93560832.0000,0.0000,-1.2323,0.4113,0.4601,-7.6632,0.0000,0.0000
1142,01733,3046562356,1111995259.9400,0.0002,1.2640,0.0339,0.3560,6.5387,19.7260,19.7260
1143,03683,952513513,1457345674.8900,0.0011,18.4813,11.3691,5.0262,120.8398,0.0000,0.0000
1144,00975,1029176786,1018885018.1400,0.0001,1.5681,0.2197,0.1529,4.9572,0.0000,0.0000
1145,01029,7093386381,829926206.5770,0.0005,1.5494,0.6976,0.3853,46.8586,0.0000,0.0000
1146,00580,1615294000,1599141060.0000,0.0006,7.4590,1.0595,0.8707,5.3940,5.0529,5.0524
1147,00956,1839004396,3769959011.8000,0.0013,5.1344,0.6529,0.4992,48.3627,6.9393,6.9393
1148,01685,773769000,247606080.0000,0.0001,-0.2210,0.3371,1.2681,-36.7698,0.0000,0.0000
1149,08269,821736000,63273672.0000,0.0000,-3.7787,0.6542,0.5511,-14.9689,0.0000,0.0000
1150,01007,5190685875,482733786.3750,0.0000,-0.9180,0.6628,-4.7370,-34.9345,0.0000,0.0000
1151,00460,9465682206,12589357333.9800,0.0008,6.6394,3.6867,1.0532,4.3504,1.5046,1.4668
1152,01299,12088629242,906647193150.0000,0.0013,36.5161,3.4090,2.2990,283.5088,1.6461,1.7012
1153,00238,948825763,398506820.4600,0.0000,-3.0573,1.2014,0.4780,14.0915,0.0000,0.0000
1154,01600,999615108,7607070971.8800,0.0024,11.4651,1.2761,1.7675,15.5025,2.2597,3.1362
1155,00842,1357521666,760212132.9600,0.0002,6.0948,0.0680,0.2127,-9.9441,3.5714,3.5714
1156,01087,1404000000,343980000.0000,0.0252,-6.3730,0.7093,0.3074,-2.6933,0.0000,0.0000
1157,01101,4770491507,510442591.2490,0.0007,-3.1646,8.9438,-0.0534,-9.3185,0.0000,0.0000
1158,01086,1668023166,2468674285.6800,0.0013,15.0746,0.2861,0.4837,507.4356,0.0000,0.0000
1159,01110,622500000,628725000.0000,0.0005,13.1386,0.4994,0.8494,-6.7819,2.2277,2.2277
1160,08207,23141315580,277695786.9600,,-0.2770,,0.0409,-0.4055,0.0000,0.0000
1161,01090,1245190000,2216438200.0000,0.0000,17.3059,0.0590,0.6677,-65.9879,2.8090,3.3708
1162,01831,757599030,182581366.2300,0.0000,-0.9516,2.8438,0.7568,-5.5858,0.0000,0.0000
1163,00468,1337019000,5575369230.0000,0.0002,13.2458,1.9133,1.9302,23.8619,6.4748,6.4748
1164,01728,2452220420,5934373416.4000,0.0125,4.1586,0.1359,0.3922,28.0161,9.9206,9.9174
1165,01555,3269420323,532915512.6490,0.0002,-0.3820,0.5784,-0.2164,-4.8984,0.0000,0.0000
1166,01112,641867991,21213737102.5500,0.0003,21.4951,1.7887,3.6381,-106.7740,1.4516,1.4516
1167,03618,2513336041,9651210397.4400,0.0035,3.6211,1.2571,0.4535,-2.3409,6.0802,6.0802
1168,01798,2501071100,1900814036.0000,0.0003,3.9104,0.5684,0.3111,1.9698,3.0263,3.0263
1169,00327,1100194000,3751661540.0000,0.0011,7.1806,0.8497,0.8355,81.0609,2.3460,2.3460
1170,01157,1388207086,7093738209.4600,0.0108,16.9445,1.1992,0.9655,21.8287,5.5447,5.5447
1171,01085,388000000,849720000.0000,0.0000,6.1534,0.4586,0.4638,1.4424,2.4064,2.4064
1172,00935,1220628000,781201920.0000,0.0000,11.6719,2.9761,0.7133,11.4672,6.2500,5.4688
1173,08265,2736200685,875584219.2000,0.0019,295.8055,4.0593,1.2878,-3.8238,0.0000,0.0000
1174,01089,3081695000,6564010350.0000,0.0003,40.9689,3.6725,3.2340,-49.4914,0.0000,0.0000
1175,01323,2509883201,1305139264.5200,0.0073,-83.9912,11.3329,3.3341,-61.9989,0.0000,0.0000
1176,02011,464804000,771574640.0000,0.0002,-23.2563,3.9061,2.6033,-71.2113,0.0000,0.0000
1177,00080,1388246794,97177275.5800,,-1.0454,10.3341,1.1908,-112.2130,0.0000,0.0000
1178,01143,5945311400,558859271.6000,0.0000,-9.6382,0.7602,1.0382,-3.9648,0.0000,0.0000
1179,01121,1486859608,728561207.9200,,-2.2636,3.7891,2.0519,41.1485,0.0000,0.0000
1180,01378,8570852349,43711346979.9000,0.0004,6.8968,0.4135,0.6256,1.5922,4.7126,4.7126
1181,08087,5760000000,109440000.0000,,-3.2384,1.3619,0.2289,-270.5376,0.0000,0.0000
1182,08098,2200000000,178200000.0000,,14.2355,3.7016,0.7511,-12.6715,12.3457,12.3457
1183,01380,2832082770,300200773.6200,0.0010,-13.3221,3.7909,0.6923,-2.2999,0.0000,0.0000
1184,01623,1696438600,1492865968.0000,0.0004,8.5631,0.3953,0.3644,4.7591,1.1364,1.1364
1185,03688,1412732441,2119098661.5000,0.0001,20.6520,3.4195,0.2032,1.9595,4.0000,4.0000
1186,03363,500000000,515000000.0000,,4.0179,0.1543,0.4262,6.4309,11.2330,11.2330
1187,01181,1073862500,1245680500.0000,0.0010,9.2491,0.7139,2.6018,-45.6276,10.8478,10.8621
1188,01011,1904635472,1066595864.3200,0.0003,-0.9554,1.6008,1.3366,-18.8986,0.0000,0.0000
1189,02789,6208734000,558786060.0000,0.0003,6.0582,0.1038,0.1894,-1.1535,0.0000,0.0000
1190,02607,919072704,13547131656.9600,0.0020,9.2493,0.2256,0.7911,12.1136,3.1668,3.1668
1191,08132,380019818,59283091.6080,,-0.6724,0.1500,0.5640,-4.6453,0.0000,0.0000
1192,01150,813633000,66717906.0000,,-1.6674,0.2524,0.8790,-7.9303,0.0000,0.0000
1193,02083,1379381990,1393175809.9000,0.0003,7.6142,0.4091,0.5624,16.6777,0.0000,0.0000
1194,02282,3800004001,43624045931.4800,0.0010,40.8274,2.2720,4.4192,-33.8443,0.8537,1.1150
1195,08193,582955860,143407141.5600,,-2.2345,2.7239,0.5595,-42.3280,0.0000,0.0000
1196,01488,1578664000,1657597200.0000,,-127.5907,1.6648,1.3932,-13.4122,0.0000,0.0000
1197,01910,1431163056,20723241050.8800,0.0019,11.1533,0.6953,1.3856,31.9491,4.7087,4.7087
1198,00871,1773664000,212839680.0000,0.0005,-0.7166,0.2947,0.0934,-8.6375,0.0000,0.0000
1199,01913,2558824000,56294128000.0000,0.0002,30.8747,2.0187,2.2239,-20.9100,2.4205,2.4205
1200,01241,650000000,147550000.0000,,-9.5558,2.2943,0.3735,51.1620,0.0000,0.0000
1201,01082,547570880,449008121.6000,0.0006,-54.4516,4.1183,1.8479,17.9999,0.0000,0.0000
1202,01115,2568893000,3596450200.0000,0.0003,9.6633,3.4842,0.9006,-5.5519,0.0000,0.0000
1203,01146,3445450000,606399200.0000,0.0000,8.6122,0.5769,0.2989,6.5443,0.0000,0.0000
1204,01231,4000000000,3120000000.0000,0.0000,-25.2467,8.4125,10.6202,-41.9829,0.0000,0.0000
1205,01145,548851784,126235910.3200,0.0029,12.8604,1.3197,0.3665,10.4505,0.0000,0.0000
1206,00579,2829676800,3565392768.0000,0.0003,4.4457,0.5464,0.4190,3.3138,6.0127,6.0127
1207,02123,1129900000,253097600.0000,,5.0397,0.2707,0.2968,0.8334,0.0000,0.0000
1208,01165,4982375490,996475098.0000,0.0003,-0.5006,0.0830,0.2639,12.4330,0.0000,0.0000
1209,02098,11782825800,11311512768.0000,0.0008,7.0757,0.1729,0.5114,-56.7497,0.0000,0.0000
1210,01355,448363708,242116402.3200,,-55.3013,5.3157,28.1279,12.0512,0.0000,0.0000
1211,01127,770000000,931700000.0000,0.0002,5.5002,0.5595,0.8232,10.0813,8.2645,8.2645
1212,01259,1810123000,215404637.0000,0.0000,-0.4278,0.2924,0.2580,-25.3109,0.0000,0.0000
1213,01151,186919962,2056119582.0000,0.0000,10.7795,0.4346,0.6338,90.4542,2.8545,2.8545
1214,06838,500000000,1225000000.0000,,7.9480,1.0854,1.7156,28.4831,5.9184,5.5102
1215,08179,414931214,85060898.8700,0.0002,-0.8736,0.4602,0.2287,-2.5762,0.0000,0.0000
1216,08112,1147092240,52766243.0400,0.0001,-0.4889,0.4977,0.2025,-0.9553,0.0000,0.0000
1217,06808,9539704700,71547785250.0000,0.0007,23.5812,0.6142,2.6236,19.6470,1.8667,1.8667
1218,01663,2464000000,473088000.0000,,20.0790,1.0832,0.2598,-55.9019,0.0000,0.0000
1219,01028,2077000000,550405000.0000,0.0001,-1.2173,0.1611,0.3083,-2.1304,0.0000,0.0000
1220,06868,1150026460,5945636798.2000,0.0000,18.9340,3.1096,2.9676,29.9888,4.0640,3.9861
1221,01235,509859000,137661930.0000,0.0004,-12.0735,0.4526,0.8263,11.6327,7.4074,7.4074
1222,01096,1926834248,77073369.9200,0.0015,-0.2536,0.6383,-0.1011,25.2116,0.0000,0.0000
1223,03788,1827829000,2467569150.0000,0.0002,11.7489,1.8111,3.4941,-37.4555,1.4815,1.4815
1224,06030,2278327700,32215553678.0000,0.0054,15.5404,3.4748,0.9642,9.7249,2.9063,2.9063
1225,08020,2472959333,148377559.9800,,-7.8238,1.5579,2.3281,-21.1817,0.0000,0.0000
1226,01152,982000000,255320000.0000,0.0001,-11.6012,1.8549,3.9850,-20.7291,0.0000,0.0000
1227,03628,804000000,173664000.0000,,18.8294,1.7187,1.5087,3.7341,0.0000,0.0000
1228,01302,4319769200,6393258416.0000,0.0014,45.2447,9.8407,4.2240,-55.0540,0.0000,0.0000
1229,01239,1158334000,81083380.0000,0.0005,-0.2171,0.1756,-3.0883,-2.7437,0.0000,0.0000
1230,01269,5026892000,15030407080.0000,0.0012,-9.2968,7.1200,4.4277,-31.5372,0.0000,0.0000
1231,00844,494335330,326261317.8000,0.0003,-13.8700,0.8027,0.9779,-19.5485,0.0000,0.0000
1232,01023,965430000,1226096100.0000,0.0000,4.7768,0.5317,0.5779,-7.8032,9.6255,9.4488
1233,01262,1328977000,498366375.0000,,-2.3803,0.8502,0.7388,-9.0365,0.0000,0.0000
1234,08215,3628800000,391910400.0000,,15.1167,4.2249,0.4002,-2.3801,0.0000,0.0000
1235,06880,349260800,137958016.0000,,-4.0669,0.1557,0.3637,12.1346,0.0000,0.0000
1236,01293,2837511429,4086016457.7600,0.0007,6.1925,0.0954,0.4954,-5.6726,0.0000,0.0000
1237,02133,3579777000,196887735.0000,0.0006,-19.6436,0.8702,0.0953,-11.7381,0.0000,0.0000
1238,01336,1034107260,32419262601.0000,0.0086,10.5527,0.6833,1.1526,432.1294,2.7963,2.7963
1239,06837,3409568820,25946818720.2000,0.0023,14.3680,2.3934,0.5766,12.3991,2.2391,2.2391
1240,01929,10000000000,65700000000.0000,0.0006,14.3550,0.9856,2.0922,-20531.2500,9.8935,9.8935
1241,01296,1309770000,303866640.0000,0.0001,10.5773,0.1057,0.1655,-2.1387,0.0000,0.0000
1242,03778,1252350000,425799000.0000,0.0001,4.5480,0.1989,0.5894,-35.6507,0.0000,4.4118
1243,01830,1127652000,2898065640.0000,0.0011,9.0839,2.4210,5.1683,56.2262,13.0780,13.0780
1244,01252,2938281647,19980315199.6000,0.0005,14.0832,1.6974,1.4997,-144.1290,0.0000,0.0000
1245,01251,1851692665,1296184865.5000,0.0026,13.5356,0.7523,0.8673,5.4609,0.0000,0.0000
1246,08246,3530536000,1041508120.0000,0.0000,10.7390,2.3977,2.0365,8.0839,1.6949,1.6949
1247,01263,372093668,651163919.0000,0.0052,2.4042,0.0714,0.8214,-1.0199,15.7143,0.0000
1248,01303,1620000000,680400000.0000,,-14.1423,17.7787,1.3561,5.5670,0.0000,0.0000
1249,08090,1767810000,72480210.0000,,-0.5022,5.8766,0.1134,1.6419,0.0000,0.0000
1250,01315,6000000000,990000000.0000,,-44.2517,0.8188,3.1524,-4.3200,0.0000,0.0000
1251,08242,1397782400,121607068.8000,0.0000,7.8310,1.5932,0.3678,2.3353,0.0000,0.0000
1252,01281,1484604000,757148040.0000,0.0002,6.0293,0.9167,0.4537,11.8929,0.0000,0.0000
1253,06830,1769193800,1928421242.0000,0.0010,11.8898,0.8335,1.6775,32.2534,0.8331,0.4325
1254,01803,1302019000,397115795.0000,0.0029,-7.1844,2.5561,0.8409,-18.6247,0.0000,0.0000
1255,08031,280000000,128800000.0000,,32.6406,0.9087,1.0799,6.6750,0.0000,0.0000
1256,01210,1010188000,388922380.0000,,-1.4339,0.5014,1.8375,-2.2875,0.0000,0.0000
1257,01266,2269110999,1701833249.2500,0.0008,1.5182,0.1225,0.2490,1.7866,19.4000,19.4000
1258,02012,6316217006,461083841.4380,0.0001,-0.6170,2.1175,0.3595,-25.6207,0.0000,0.0000
1259,01699,1889000000,443915000.0000,0.0014,-11.8521,0.7362,0.6130,52.8166,0.0000,0.0000
1260,01300,1791500000,2328950000.0000,0.0008,5.7586,0.5734,0.6170,55.6422,3.4615,1.7692
1261,01277,8430000000,3372000000.0000,0.0001,3.5589,1.1754,1.5691,-125.0783,11.2500,11.2500
1262,01260,1193974000,955179200.0000,0.0005,5.9139,1.4664,0.6376,-107.6258,3.3750,3.3750
1263,01322,718992897,166087359.2070,,0.6662,0.0711,0.0821,-1.5335,10.2165,10.2165
1264,01613,4301816000,258108960.0000,0.0006,1.2369,3.1863,1.8528,62.3904,0.0000,0.0000
1265,01366,4078866000,1101293820.0000,0.0016,5.1731,0.0698,0.1779,0.8465,0.0000,0.0000
1266,00863,284483913,1365522782.4000,0.0001,-7.2649,8.5875,43.3913,4.9088,0.0000,0.0000
1267,02623,4910609920,432133672.9600,0.0010,-3.8695,1.7066,1.3952,-4.1147,0.0000,0.0000
1268,08030,1731432500,753173137.5000,0.0001,6.2720,2.9196,0.4467,12.5785,0.0000,0.0000
1269,03669,1839474463,12269294668.2100,0.0013,8.3635,0.1895,1.1432,31.1008,3.8356,3.8356
1270,00695,552000000,883200000.0000,0.0001,8.3779,1.4571,1.4987,106.0682,4.5313,4.5313
1271,03663,800000000,1496000000.0000,0.0002,-139.0609,1.3886,1.9865,24.6471,0.0000,0.0000
1272,06168,2107759943,632327982.9000,0.0002,-2.3952,2.6731,3.2739,-3.3349,0.0000,0.0000
1273,00816,2570223120,3418396749.6000,0.0014,4.2058,0.5205,0.2765,6.5111,4.8528,4.8528
1274,03666,2213031000,376215270.0000,0.0009,-4.2444,0.2155,0.5730,2.5679,15.2941,15.2941
1275,02068,399476000,982710960.0000,,18.9679,0.1860,0.4990,-12.6913,1.4691,1.4691
1276,01237,3088335000,163681755.0000,0.0002,-0.7592,0.2212,0.1583,-1.6719,0.0000,0.0000
1277,01332,2449327825,624578595.3750,0.0000,-2.4602,1.7841,0.9289,-2.4582,0.0000,0.0000
1278,03939,720000000,1188000000.0000,0.0015,14.1251,3.1779,1.3324,-11.5614,1.9212,1.9212
1279,01616,1416911818,1856154481.5800,0.0006,-11.0015,1.6562,1.4388,14.4764,0.0000,0.0000
1280,01190,1277618220,112430403.3600,,-0.2191,0.2205,0.4664,-0.2190,0.0000,0.0000
1281,01335,2434136166,620704722.3300,0.0001,-23.4246,1.3677,0.7522,-9.4702,0.0000,0.0000
1282,03948,326007000,1757177730.0000,0.0001,3.5681,0.3936,0.3695,4.5986,10.8728,10.8728
1283,03966,663846000,1699445760.0000,,3.1915,1.5357,0.9237,67.8503,0.0000,7.8125
1284,06889,765985896,7476022344.9600,0.0002,8.3335,0.7171,0.7403,14.8998,8.6311,8.6311
1285,01468,4615489735,1107717536.4000,0.0002,-12.9132,9.7557,2.4187,1386.3799,0.0000,0.0000
1286,01240,1518320030,1882716837.2000,0.0005,8.3718,0.2508,0.5176,-1.1785,8.7341,8.8710
1287,03816,600000000,222000000.0000,,4.4706,0.2206,0.4234,13.6531,0.0000,0.0000
1288,01326,2595613733,526909587.7990,,-2.7769,1.9185,3.1264,10.7327,0.0000,0.0000
1289,02196,551940500,12860213650.0000,0.0040,18.8579,2.0663,1.5593,60.6236,1.5451,1.5451
1290,00884,7884039233,33112964778.6000,0.0014,5.2260,0.6672,0.5100,2.1583,7.0555,7.7946
1291,02223,258432000,201576960.0000,0.0001,25.7212,0.5970,0.4918,12.1593,0.0000,2.5641
1292,01314,1411226450,698557092.7500,0.0002,147.3438,0.3910,0.6295,-8.9187,4.0404,4.0404
1293,01030,5899000000,35747940000.0000,0.0020,4.5287,0.5589,0.6524,1.4901,6.9252,5.7665
1294,00564,243234200,861049068.0000,0.0018,6.3030,0.2017,0.4327,5.0554,4.6525,4.6525
1295,01339,8726234000,26876800720.0000,0.0026,9.0003,0.2331,0.5289,-10.3055,1.7391,1.7391
1296,01829,908270000,2761140800.0000,0.0006,5.0261,0.3712,0.6780,-23.3899,7.7303,7.7303
1297,02236,4072269200,3787210356.0000,0.0004,57.5235,0.9945,1.9898,-594.4071,7.7709,0.5376
1298,00815,1624200589,1867830677.3500,0.0080,10.7567,0.4271,0.4873,-9.3597,0.0000,0.0000
1299,02039,2059891930,14254452155.6000,0.0003,6.2845,0.3137,0.4168,4.1539,8.4117,8.4117
1300,00540,600000000,180000000.0000,,8.1001,0.2097,0.6174,25.5392,3.3333,3.3333
1301,01232,1802456000,1045424480.0000,0.0005,2.6174,0.6194,0.1975,-9.4064,6.0345,3.2759
1302,01348,1474232000,707631360.0000,0.0006,-19.7734,1.1336,1.7736,-986.9336,0.0000,0.0000
1303,02078,1200000000,438000000.0000,,-1.8761,0.2667,0.8221,-128.0702,0.0000,0.0000
1304,02033,2079946000,2017547620.0000,,6.9225,0.6811,1.0015,21.4270,5.9278,5.9278
1305,08072,135020415,36455512.0500,0.0000,-0.5105,0.5197,0.0683,-0.3852,0.0000,0.0000
1306,02178,1726674682,264181226.3460,0.0000,-0.4240,1.0203,0.5545,16.7129,0.0000,0.0000
1307,01319,1938468406,504001785.5600,0.0000,4.9990,2.2424,0.6125,-136.7712,6.0113,6.0113
1308,00864,386175758,278046545.7600,0.0001,14.2977,8.5989,0.2542,-8.3691,2.7778,2.7778
1309,08260,1633555774,383885606.8900,,12.5028,1.4978,0.3030,21.5909,0.0000,0.0000
1310,06881,3690984633,13915012066.4100,0.0052,11.3428,2.1159,0.4988,-65.8046,2.7164,2.7164
1311,01673,733857225,2693256015.7500,0.0002,48.6179,3.8350,3.2517,98.0510,0.8049,0.8049
1312,02386,1460800000,7391648000.0000,0.0016,11.4210,0.4079,0.7514,3.8758,5.1318,5.2440
1313,01369,4990259914,199610396.5600,,-0.3093,0.0452,0.0424,-0.1220,0.0000,0.0000
1314,03836,1521263177,3620606361.2600,0.0021,4.5426,0.2919,0.4662,-5.9071,5.0614,5.0614
1315,08201,540000000,89640000.0000,,-10.8143,0.2803,0.4330,1.3905,0.0000,0.0000
1316,06888,1079000000,222274000.0000,0.0002,-1.5976,0.4255,0.3249,-4.7337,0.0000,0.0000
1317,01680,6222111120,5848784452.8000,0.0005,2.9748,3.1354,0.7751,4.9292,8.5728,0.0000
1318,02112,1500000000,1395000000.0000,0.0000,70.1306,0.1228,1.1510,-93.5547,0.0000,0.0000
1319,01297,1222384600,2078053820.0000,0.0003,7.5183,2.4732,1.2941,-36.2648,1.3353,1.3353
1320,06898,938179000,450325920.0000,0.0000,5.6664,0.5227,1.3041,5.8655,4.5417,5.4167
1321,01255,214000000,1737680000.0000,0.0001,-993.5277,4.8538,7.4243,371.4579,0.0000,0.0000
1322,01661,1592942000,383899022.0000,0.0003,7.1014,0.7232,0.3910,3.5755,29.9909,29.9909
1323,01107,2794994650,3018594222.0000,0.0000,4.9242,0.2767,0.3377,-3.1723,3.9564,5.2565
1324,01271,709771173,3442390189.0500,0.0001,23.1033,5.6119,1.2231,-13.5637,2.0206,2.0206
1325,08135,793200000,269688000.0000,,10.3498,1.3113,1.0904,-6.2037,0.0000,0.0000
1326,03638,4384782000,2060847540.0000,0.0004,-59.3613,2.4402,3.2438,1422.2550,0.0000,0.0000
1327,02183,419114000,4425843840.0000,0.0001,-22.7274,4.0507,3.3946,-9.1854,0.0000,0.0000
1328,01219,2205970000,838268600.0000,,3.6398,0.1429,-0.4049,-28.0600,11.2105,11.2105
1329,01373,721640820,1421632415.4000,0.0006,11.9413,0.6049,1.8956,-88.6084,7.2592,7.2592
1330,01363,6316791836,2147709224.2400,,-4.6460,1.5290,0.6315,-3.3256,12.1765,12.1765
1331,01273,415000000,195050000.0000,,4.6260,1.2116,0.3424,54.4224,5.3191,5.3191
1332,08018,1260582340,56726205.3000,,-3.7313,0.8089,0.2973,-0.9516,0.0000,0.0000
1333,00484,159373613,699650161.0700,0.0004,-2.1009,1.8458,0.6502,5.9321,0.0000,0.0000
1334,02393,2381882500,3167903725.0000,0.0001,10.7507,0.6086,2.3807,32.3621,0.0000,0.0000
1335,00401,778086300,49019436.9000,0.0000,-0.7361,0.5081,0.3629,-0.9043,0.0000,0.0000
1336,01246,9074000000,780364000.0000,,-3.8996,1.8591,0.6549,-5.9456,0.0000,0.0000
1337,02023,491800000,506554000.0000,0.0005,18.6781,1.0716,1.1402,36.4555,0.0000,0.0000
1338,08181,1026351515,395145333.2750,0.0002,7.5657,0.9283,1.3667,4.6475,0.0000,0.0000
1339,00932,2339600859,1041122382.2550,0.0019,-239.6691,2.6459,5.0170,-11.1927,0.0000,0.0000
1340,08101,2892000000,315228000.0000,0.0001,-27.0536,2.3807,1.0068,-306.6420,0.0000,0.0000
1341,08218,1020000000,46920000.0000,0.0010,8.8998,0.8884,1.1456,-13.4441,0.0000,0.0000
1342,00799,1265608299,6593819237.7900,0.0033,4.4403,1.1218,2.6283,12.6061,6.7183,5.7583
1343,01290,1086787000,1097654870.0000,0.0001,15.3716,,0.5170,-7.5282,1.2871,1.2871
1344,02030,668593000,1096492520.0000,0.0001,4.4282,0.7368,0.7876,12.0944,10.9756,7.5000
1345,06108,1671846657,710534829.2250,,21.3991,1.9078,1.0065,11.9558,0.0000,0.0000
1346,01396,4014844000,1806679800.0000,0.0004,14.4691,0.5447,0.3101,13.4597,0.0000,0.0000
1347,01862,1400194213,3528489416.7600,0.0015,2.9229,0.2677,0.3379,0.8768,11.9048,11.9048
1348,00153,3020747935,652481553.9600,0.0000,4.0262,0.3728,0.1969,4.7205,0.0000,0.0000
1349,01345,1263308000,694819400.0000,0.0001,7.0379,0.3665,0.5567,-7.9514,0.0000,0.0000
1350,01963,1579020812,6710838451.0000,0.0006,3.0113,1.0679,0.3741,-1.8514,4.1224,4.1224
1351,01360,1462900000,2823397000.0000,0.0025,31.1269,11.1135,10.1755,23.2967,0.5151,0.5151
1352,01358,1569246098,1553553637.0200,0.0001,0.7992,4.2830,0.3075,-5.1102,0.0000,0.0000
1353,03698,3478750000,10123162500.0000,0.0000,3.4650,1.1246,0.4669,4.4726,2.1892,2.1892
1354,00434,721751301,837231509.1600,0.0002,3.5635,1.5845,0.3526,-1.4716,23.8185,23.8185
1355,03623,524635000,388229900.0000,0.0018,58.8166,5.9385,0.3663,1.7838,0.0000,0.0000
1356,08326,818000000,153784000.0000,,5.1884,0.2836,0.6675,6.3171,0.0000,0.0000
1357,01431,4690496400,1383696438.0000,0.0007,-2.1335,1.0795,0.3026,2.2327,0.0000,0.0000
1358,03608,749350890,1701026520.3000,0.0006,17.9936,2.1362,1.0794,-163.5052,1.7308,1.8502
1359,01370,1635329892,2976300403.4400,0.0000,61.2871,2.9785,1.7985,-3027.1867,0.0000,0.0000
1360,01884,550000000,195250000.0000,0.0002,11.2517,0.4777,0.8326,5.6635,4.5070,4.5070
1361,01268,1156143614,7249020459.7800,0.0009,17.0805,0.5601,4.4433,19.2952,2.3281,2.6686
1362,03315,833561000,1583765900.0000,0.0002,7.7355,0.9603,0.7290,-5.4834,10.5263,10.5263
1363,00968,8057859938,38113677506.7400,0.0040,20.4566,4.9681,2.1425,-69.2002,2.4458,2.0496
1364,01689,694080000,1353456000.0000,0.0008,24.0418,5.1622,3.6838,17.6293,2.6667,2.6667
1365,02213,1003157915,431357903.4500,0.0003,-3.1488,0.4780,0.9455,15.5654,0.0000,0.0000
1366,01520,1690000000,184210000.0000,0.0000,-3.0685,0.9035,0.5224,-15.3636,0.0000,0.0000
1367,08255,480000000,127200000.0000,0.0000,-1.4287,3.2983,0.3612,4.2563,0.0000,0.0000
1368,01359,13567602831,21979516586.2200,0.0026,4.4016,,0.3435,-3.2520,6.6766,6.6766
1369,01483,588000000,1128960000.0000,,-41.4145,2.7478,5.2424,-14.5015,0.0000,0.0000
1370,01372,200000000,640000000.0000,0.0002,-0.9094,0.8609,-1.9637,-22.6781,0.0000,0.0000
1371,01233,1941817142,23418314732.5200,0.0020,4.5523,0.5826,0.6028,2.2725,6.5000,6.5000
1372,00854,85207049,242840089.6500,0.0002,-12.8060,0.0658,0.3802,-9.5757,7.0175,7.0175
1373,03369,829853000,1203286850.0000,0.0001,8.5533,0.9137,0.4842,7.0307,6.0319,6.0319
1374,02211,3863134451,471302403.0220,0.0008,-0.4562,0.1054,0.2232,-2.3452,0.0000,0.0000
1375,06878,6363387880,2577172091.4000,0.0001,8.3579,16.1464,1.2865,92.6921,0.0000,0.0000
1376,00636,1714698612,20644971288.4800,0.0002,8.4618,0.5413,0.7710,31.9812,3.0560,4.9806
1377,01681,870255780,3742099854.0000,0.0009,6.8739,1.7347,1.3023,11.4247,4.6608,6.9864
1378,00586,1804750000,46652787500.0000,0.0014,6.6810,13.7506,1.4569,33.5382,2.1277,2.1277
1379,01448,2239907422,16440920477.4800,0.0013,28.8061,8.5193,3.3998,-31.6250,1.0056,1.0788
1380,06818,12678735500,40952315665.0000,0.0003,4.3162,1.3161,0.5120,3.6582,5.6720,5.6720
1381,01678,2170000000,190960000.0000,0.0003,-1.1228,1.0741,0.0989,1.4456,0.0000,0.0000
1382,03380,5483134750,59985494165.0000,0.0006,6.1830,1.1611,1.3086,5.8391,6.8567,7.7736
1383,02283,833260000,2949740400.0000,0.0000,8.4234,1.2833,2.7550,13.7799,5.6497,5.3672
1384,01421,1390280000,239128160.0000,0.0002,-22.7283,0.6121,0.5139,-16.7380,0.0000,0.0000
1385,03313,3098577729,22805532085.4400,0.0015,-49.4266,36.4431,12.2594,275.6082,0.0000,0.0000
1386,01486,288260780,452569424.6000,,9.6328,0.6739,1.0191,-9.5952,3.1847,1.2739
1387,01439,1377497662,264479551.1040,0.0000,-0.6559,0.3284,0.5109,-1.1495,0.0000,0.0000
1388,08191,832603100,208150775.0000,,-3.4916,0.5116,0.6583,-18.4727,0.0000,0.0000
1389,01353,160794000,160794000.0000,,-26.7805,239.8313,15.4153,-5.8024,0.0000,0.0000
1390,01885,1000000000,2030000000.0000,0.0057,24.9758,7.0256,2.8132,-41.4183,0.9852,0.9852
1391,08001,432000000,112320000.0000,,-53.5622,3.7724,0.3607,-4.2766,0.0000,0.0000
1392,03332,272469600,73566792.0000,,-1.9423,0.4836,0.4108,-3.1242,0.0000,0.0000
1393,01247,984000000,76752000.0000,0.0000,-0.3260,0.3066,0.1764,29.9343,0.0000,0.0000
1394,01738,1380545800,1380545800.0000,0.0001,5.9025,0.9595,-14.0105,-49.7393,0.0000,0.0000
1395,01389,2880000000,256320000.0000,0.0005,-258.1269,1.4991,1.8456,-24.4627,0.0000,0.0000
1396,02080,374984000,254989120.0000,,-26.4649,0.8029,1.9577,-73.2306,0.0000,0.0000
1397,01513,319864217,6941053508.9000,0.0046,16.0340,1.9583,1.5717,14.9341,6.2916,6.2916
1398,02226,578750000,1904087500.0000,0.0003,8.0975,1.8679,0.7600,-15.6029,2.4195,2.4195
1399,01622,3551609322,12608213093.1000,0.0006,10.9162,1.6056,1.5833,5.1894,1.7972,0.9852
1400,08311,1483687151,301188491.6530,0.0000,-5.3996,1.1854,1.6221,-18.0147,0.0000,0.0000
1401,01636,2614994419,9178630410.6900,0.0001,391.2606,0.3814,4.1056,8004.5306,0.0000,0.0000
1402,01340,880838000,89845476.0000,0.0007,-0.2245,0.2015,0.0977,-0.2240,0.0000,0.0000
1403,03636,89447600,549208264.0000,0.0004,5.3321,0.3474,0.2759,-4.1665,3.1831,3.1831
1404,02608,2561233477,3765013211.1900,0.0000,-107.8183,0.4261,0.3358,-1.5567,0.0000,0.0000
1405,01771,600000000,600000000.0000,0.0000,2.4043,0.0573,0.2720,1.9318,7.0000,7.0000
1406,02255,4000000000,4360000000.0000,0.0002,94.1470,2.0804,0.9035,6.0854,0.0000,0.0000
1407,03903,1170000000,608400000.0000,0.0008,7.0513,1.3519,0.2763,-3.8595,0.0000,0.0000
1408,06138,3023570000,4232998000.0000,0.0001,2.3629,0.9152,0.2776,0.5368,0.0000,0.0000
1409,02100,2789698000,1422745980.0000,0.0001,10.8779,4.2854,0.8583,5.1678,4.1224,4.1224
1410,01400,186000000,27900000.0000,0.0004,-0.0646,0.0952,-0.0485,149.6887,0.0000,0.0000
1411,00288,14710620611,92971122261.5200,0.0012,12.5598,0.5239,1.3181,-15.7589,3.1625,3.1644
1412,01397,415000000,176375000.0000,0.0002,9.8572,0.1234,0.6998,-15.0260,1.6471,1.6471
1413,02111,1039808000,2661908480.0000,0.0006,9.3877,0.8286,1.0704,9.4840,2.6172,2.6172
1414,02303,925000000,4847000000.0000,0.0004,15.9362,5.0093,4.7466,30.2235,1.9084,1.9084
1415,06198,1099025000,5022544250.0000,0.0004,7.0737,3.3544,0.8592,-10.7915,9.5195,9.5195
1416,02014,2132331950,2665414937.5000,0.0019,20.1846,1.3861,0.7108,81.1896,2.2358,0.0000
1417,01330,404359792,1382910488.6400,0.0029,12.4755,1.8782,1.1094,-108.1529,3.4123,3.4123
1418,01375,1195365000,1924537650.0000,0.0009,81.1343,2.0930,0.4869,-16.9599,0.7042,1.3839
1419,06128,482290000,1996680600.0000,0.0068,-55.4033,10.1195,29.1337,-81.0506,0.0000,0.0000
1420,02298,2249457213,2946788949.0300,,6.6646,0.4946,0.6839,51.4534,9.6914,7.5954
1421,01588,55000000,484000000.0000,0.0015,15.3104,3.8125,1.3050,-1707.6630,5.9091,5.9091
1422,01778,1422745122,5790572646.5400,0.0036,10.2302,1.3731,1.5555,6.1157,4.1301,4.1301
1423,01626,300000000,480000000.0000,,31.7113,0.7260,1.7690,28.6094,0.0000,0.0000
1424,03709,685050195,5713318626.3000,0.0007,17.8710,1.9336,4.1043,52.2426,3.8306,3.8306
1425,00911,1692760000,392720320.0000,0.0000,77.4444,5.0318,0.6084,-8.9921,0.0000,0.0000
1426,03639,2583970000,5167940000.0000,,5.3159,0.6026,0.3810,-10.9133,0.0000,0.0000
1427,01321,2013248000,1932718080.0000,0.0000,-6.7804,0.8579,0.2847,7.5474,0.0000,0.0000
1428,06899,1093355443,776282364.5300,0.0001,-1.0689,1.9393,0.7864,-19.6400,0.0000,0.0000
1429,06136,2032385000,1788498800.0000,0.0001,5.0521,0.5072,0.3672,-2.1454,0.0000,0.0000
1430,02202,1577946468,42367862665.8000,0.0030,7.6839,0.8735,1.1724,23.4960,4.4387,4.4387
1431,01446,655944000,354209760.0000,0.0078,37.7864,0.4522,1.2862,18.8640,1.4630,1.4630
1432,02329,4444417986,5733299201.9400,0.0013,4.8751,0.7437,0.2846,-8.7330,4.3721,4.3721
1433,01450,1041243169,156186475.3500,0.0001,-3.7794,0.4485,0.5540,23.8102,0.0000,0.0000
1434,01599,387937000,795270850.0000,0.0013,4.2171,0.3300,0.5259,4.7165,6.1170,6.1170
1435,06188,328967000,828996840.0000,0.0000,4.3731,0.0963,0.3833,15.4707,0.0000,0.0000
1436,01980,1262159162,2133048983.7800,0.0005,8.3594,2.4266,0.6728,12.0352,0.0000,0.0000
1437,02186,3268965343,20234895473.1700,0.0032,13.3032,3.3516,2.1432,38.3751,1.8774,2.1344
1438,00787,1028654302,509183879.4900,0.0004,-0.1631,0.0431,0.0747,0.2274,0.0000,0.0000
1439,08147,769107113,196122313.8150,0.0015,-5.4039,2.5328,7.3074,-10.2822,0.0000,0.0000
1440,02399,480900000,4611831000.0000,0.0000,-89.0245,6.4741,3.0763,100.8124,0.0000,0.0000
1441,06123,416760000,829352400.0000,0.0003,7.9621,0.1858,1.4406,566.4975,1.8981,1.8981
1442,01432,6354400000,2192268000.0000,,-0.8451,0.8688,0.6964,-8.2599,0.0000,0.0000
1443,01856,347437000,583694160.0000,,-5.9764,3.3974,2.9643,-20.5707,0.0000,0.0000
1444,08237,3490000000,184970000.0000,,-56.8477,3.0509,0.4038,1.5087,0.0000,0.0000
1445,01418,1750002000,367500420.0000,,-63.3512,0.0862,0.2977,3.9633,0.0000,0.0000
1446,01367,480000000,1248000000.0000,,-12.3224,9.0603,-18.5678,-21.8878,0.0000,0.0000
1447,01253,3342536957,1570992369.7900,0.0001,22.6838,1.5107,1.3852,-16.7637,0.0000,0.0000
1448,08125,435600000,41382000.0000,0.0133,-2.0615,1.4701,0.3963,-2.9190,0.0000,0.0000
1449,00400,1438490732,2028271932.1200,0.0015,5.9281,0.3140,0.4357,-1.4827,0.0000,0.0000
1450,08162,576170000,345702000.0000,0.0075,-12.6090,0.3189,3.9711,9.0862,0.0000,0.0000
1451,01365,946476000,378590400.0000,,-0.2143,0.0255,0.3864,-0.9361,0.0000,0.0000
1452,08059,1010605000,89943845.0000,0.0002,-0.4617,0.6731,1.0276,20.9074,0.0000,0.0000
1453,08315,1243662655,187793060.9050,0.0006,-2.2049,5.0890,7.3763,5.4973,0.0000,0.0000
1454,06166,1651237491,5019761972.6400,0.0002,3.8684,1.0748,0.8050,-10.0614,5.2632,3.6184
1455,02221,572900134,406759095.1400,0.0107,-4.3897,0.3981,0.8432,-56.5022,0.0000,0.0000
1456,00699,2119653991,11870062349.6000,0.0004,35.0215,1.5753,1.2892,-6.1839,0.0000,0.0000
1457,01395,1107300000,137305200.0000,,-0.9827,1.7369,0.3779,14.4623,0.0000,0.0000
1458,01285,415000000,747000000.0000,0.0002,7.4095,0.4421,0.8814,-15.1948,2.7778,5.5556
1459,08222,451035713,22551785.6500,0.0000,-0.9301,0.2863,1.0526,10.3877,0.0000,0.0000
1460,06116,214789800,588524052.0000,0.0007,-8.0612,0.1300,0.4731,-3.5105,10.5247,0.0000
1461,03822,1680000000,218400000.0000,0.0002,-4.3359,0.4829,0.3489,-3.6745,0.0000,0.0000
1462,01466,1849949645,1849949645.0000,0.0014,-43.2070,10.8016,9.3442,-70.5630,0.0000,0.0000
1463,06893,1093796000,721905360.0000,0.0001,154.6498,3.9239,1.4238,-6.4625,1.5152,1.5152
1464,01462,4037871666,290726759.9520,,1.8244,0.3879,0.5730,1.4072,0.0000,0.0000
1465,08363,354100000,269116000.0000,,-5.0297,3.5182,-22.9289,-3.3323,0.0000,0.0000
1466,08195,1280000000,131840000.0000,0.0004,-13.9854,1.8380,1.3408,-16.2205,0.0000,0.0000
1467,06118,512582000,2814075180.0000,0.0011,22536.0082,2.9530,5.1741,-21.3027,0.0000,0.0000
1468,01289,32000000,37120000.0000,0.0017,2.6504,0.7202,0.2126,2.1302,4.9052,4.9052
1469,01305,216825000,166955250.0000,,3.7013,0.0742,0.2466,-1.9249,0.0000,0.0000
1470,01443,1300000000,468000000.0000,0.0005,18.3558,0.1781,0.4987,-3.7658,11.9167,11.9167
1471,06882,502450000,266298500.0000,,7.6485,0.1499,0.7706,-8.7523,9.4340,7.5472
1472,01317,2995320920,7098910580.4000,0.0123,11.6140,4.7003,1.5763,11.6698,3.8190,4.1234
1473,01478,1142476000,8374349080.0000,0.0046,497.3487,0.8803,3.2250,-19.3643,0.0000,0.0000
1474,01022,1546943455,306294804.0900,0.0000,-2.4439,3.1560,0.5001,-4.6196,0.0000,0.0000
1475,06869,351566794,4387553589.1200,0.0027,5.4190,1.0347,0.9952,9.8008,6.8155,2.2756
1476,01480,240000000,285600000.0000,,4.8910,0.3728,0.5572,4.4205,5.0420,5.0420
1477,01816,11163625000,23108703750.0000,0.0014,10.2718,1.8497,0.8176,69.6304,3.6635,3.6635
1478,01669,400000000,284000000.0000,,4.1513,2.2852,0.3710,5.9956,7.1831,7.6056
1479,08170,411200000,1192480000.0000,0.0000,-81.3924,32.0215,17.1183,26.2216,0.0000,0.0000
1480,00520,1080688040,11347224420.0000,0.0030,21.0244,2.0539,4.4202,-81.7604,1.8658,1.6791
1481,01958,2520690682,11393521882.6400,0.0032,6.9966,0.2040,0.4936,-20.6634,4.7743,4.7743
1482,08267,368730964,265486294.0800,0.0002,-1.3647,0.4975,0.4365,-1.2568,0.0000,0.0000
1483,08307,485736000,97147200.0000,,-17.7276,1.8882,1.7635,-47.3196,20.0000,20.0000
1484,02066,1540742500,8628158000.0000,0.0000,5.4292,1.7529,0.4974,-0.7038,2.4384,2.4384
1485,01381,2440579169,8761679216.7100,0.0004,11.6147,2.6344,1.5770,1397.6199,1.2890,1.6479
1486,08268,1000000000,115000000.0000,0.0023,-7.7093,0.1781,1.1533,4.4297,0.0000,0.0000
1487,02212,3870000000,278640000.0000,0.0000,-4.8208,6.1623,3.3383,-11.9823,0.0000,0.0000
1488,06866,300000000,121500000.0000,0.0000,2.9769,,0.2539,91.6630,35.1358,35.1358
1489,06161,521410000,271133200.0000,,-2.1385,0.7515,0.5824,-1.7158,0.0000,0.0000
1490,01362,280000000,319200000.0000,,3290.7216,0.6755,3.1969,-5.6972,0.0000,0.0000
1491,06822,700000000,847000000.0000,0.0002,7.1778,0.5406,1.1791,-27.0365,10.7438,10.7438
1492,01993,440000000,2195600000.0000,,34.8768,1.1383,4.7145,22.9440,2.7856,2.5050
1493,08067,180000000,244800000.0000,,7.0516,2.8726,0.1885,15.8375,3.6765,3.6765
1494,03708,5594000000,727220000.0000,0.0002,199.2384,1.5586,3.5359,109.8354,0.0000,0.0000
1495,08139,14400000,384480000.0000,0.0020,933.6419,9.8258,8.6454,43.1239,0.0000,0.0000
1496,01327,3456000000,107136000.0000,0.0002,-0.8604,0.8593,0.2108,-2.7503,0.0000,0.0000
1497,08238,432000000,91152000.0000,,-2.4331,5.3619,7.0784,-2.6682,0.0000,0.0000
1498,01027,3786000000,117366000.0000,0.0000,5.3837,0.1932,0.2248,168.6453,0.0000,0.0000
1499,08093,400000000,272000000.0000,,1.3637,0.4635,1.0920,3.6204,0.0000,0.0000
1500,08277,218733333,61245333.2400,,18.3150,0.2518,0.6933,-10.8284,0.0000,0.0000
1501,01858,38340800,1217320400.0000,0.0194,35.5648,18.7129,5.7507,87.0610,1.6671,1.0895
1502,01430,902924000,2004491280.0000,,17.4348,1.5591,1.2340,-10.5849,1.4865,1.4865
1503,00442,172600000,341748000.0000,,-19.9433,1.5585,0.9834,8.2224,0.0000,0.0000
1504,01310,1311599356,18677174829.4400,0.0011,47.0580,4.7297,14.2807,-1691.9263,3.0153,4.0030
1505,01566,920062000,1858525240.0000,0.0013,31.8393,2.9366,2.0914,-5.9060,1.1386,1.1386
1506,01460,5061644109,273328781.8860,0.0012,3.2570,0.4590,0.8042,18.6014,0.0000,0.0000
1507,01539,550000000,280500000.0000,0.0006,6.2957,1.1378,0.6510,-28.8136,0.0000,0.0000
1508,03606,505631200,10845789240.0000,0.0016,11.1756,2.2765,2.4406,-76.7017,6.1729,4.0502
1509,01415,831518800,947931432.0000,0.0003,8.6877,0.2255,0.3876,6.3173,9.8234,9.8234
1510,01559,1320000000,501600000.0000,0.0000,20.6666,0.6854,1.3459,-8.6309,0.0000,0.0000
1511,01245,1195850460,514215697.8000,0.0001,11.7668,0.2534,0.2609,-17.0895,2.5581,2.5581
1512,01776,1701796200,13648405524.0000,0.0054,12.1413,2.4823,0.5915,5.5185,0.0000,2.7658
1513,01500,830000000,141100000.0000,,13.3504,0.4624,0.5761,-12.0536,0.0000,0.0000
1514,06826,40045300,1393576440.0000,0.0014,11.4963,3.0829,1.2369,-9.7836,1.6803,0.0000
1515,08133,3500000000,98000000.0000,,-10.0916,1.4532,2.8473,-21.6479,0.0000,0.0000
1516,01470,800000000,168000000.0000,,-6.2470,0.8302,1.9583,-5.2612,0.0000,0.0000
1517,01113,3693400500,191133475875.0000,0.0013,4.7644,3.7947,0.5458,136.0381,3.6725,3.7681
1518,06839,363713900,621950769.0000,0.0007,4.3881,0.2790,0.2344,-2.5116,9.9766,9.9766
1519,01301,621958000,908058680.0000,0.0010,-16.0400,2.3663,1.2141,41.4314,0.0000,0.0000
1520,06886,1719045680,19734644406.4000,0.0039,17.7600,3.7751,0.7964,9.6586,5.6656,2.9753
1521,08121,1667200000,60019200.0000,0.0000,-2.1763,0.2898,0.8798,-5.4130,0.0000,0.0000
1522,01530,2535002551,30420030612.0000,0.0015,20.3602,5.6728,2.8596,-40.4369,0.0000,0.0000
1523,06183,1211383921,690488834.9700,0.0009,4.1218,0.5882,0.2815,-19.8891,0.0000,0.0000
1524,00574,1474992908,163724212.7880,0.0001,-2.3640,0.1710,0.1619,10.5510,0.0000,0.0000
1525,02686,3393582395,4513464585.3500,,9.3091,3.9278,0.7418,-5.9461,6.4397,6.4397
1526,01528,673896031,4191633312.8200,0.0005,4.2186,2.1144,0.4250,-7.1119,5.0021,5.0021
1527,03396,1271853990,20553160478.4000,0.0004,7.4808,0.0909,0.3893,1.2068,2.1665,2.1665
1528,06133,850000000,352750000.0000,0.0000,20.7104,0.3306,0.4288,-15.0077,0.0000,24.0964
1529,03839,240718310,401999577.7000,,2.4203,0.5486,0.2307,2.3967,0.0000,0.0000
1530,02193,419818000,209909000.0000,,-79.6921,1.1369,0.8912,-3.7167,0.0000,0.0000
1531,03882,952739455,281058139.2250,0.0000,-1.1077,0.2840,0.8520,-2.8877,0.0000,0.0000
1532,02286,599999989,1307999976.0200,0.0005,8.9591,1.0509,0.8319,0.9649,0.0000,0.0000
1533,01461,277090000,235526500.0000,,6.1884,1.7216,0.3478,1.5427,7.2941,7.2941
1534,01456,442640000,902985600.0000,0.0024,65.6242,2.2179,0.4434,15.6152,2.8652,2.8652
1535,01986,1039478500,2484353615.0000,0.0013,9.5505,1.4043,1.3493,-8.9853,3.1250,3.1250
1536,02699,1878622000,2028911760.0000,0.0004,40.4449,2.7779,0.8837,-2.7983,0.0000,0.0000
1537,06836,977462000,1065433580.0000,0.0020,6.1778,0.9690,1.1858,5.8805,4.0367,4.1284
1538,01509,758418085,1547172893.4000,,-6.7082,1.3215,1.0750,-2.6765,0.0000,0.0000
1539,01498,247717920,361668163.2000,0.0002,17.3829,0.4851,0.7008,43.3187,0.0000,0.0000
1540,06896,739302000,1404673800.0000,0.0008,11.7914,1.7357,1.2347,198.2880,6.3158,6.3158
1541,03737,840000000,1008000000.0000,0.0003,10.1328,0.7547,1.2305,28.9765,6.6250,6.8333
1542,08027,3200000000,83200000.0000,,16.1932,1.3672,1.0236,18.5741,0.0000,0.0000
1543,03969,1968801000,9253364700.0000,0.0030,12.1812,1.0704,1.4642,-70.1427,0.0000,4.1255
1544,01718,960000000,652800000.0000,0.0045,-11.8200,3.2174,2.4333,-8.4097,0.0000,0.0000
1545,08316,800000000,240000000.0000,,-37.5881,2.4446,-32.0899,-263.4468,0.0000,0.0000
1546,01499,5262000000,799824000.0000,0.0003,-29.3675,2.1919,2.3408,2179.3569,0.0000,0.0000
1547,01683,500000000,605000000.0000,,-34.8242,3.2299,4.2766,-21.0545,0.0000,0.0000
1548,00974,290457000,458922060.0000,,34.9645,0.3984,1.5225,-8.7203,0.0000,0.0000
1549,08245,3990000000,123690000.0000,0.0005,-12.6356,0.3823,1.9524,-15.9374,0.0000,0.0000
1550,01970,349814702,5848901817.4400,0.0002,17.4245,6.3407,2.9873,210.1240,1.9188,1.8888
1551,02199,1224250000,6513010000.0000,0.0001,23.0600,1.0399,2.2273,255.2820,1.4286,1.4286
1552,01527,35000000,90300000.0000,0.0003,9.5649,0.3479,0.4193,-9.4517,0.0000,0.0000
1553,08290,2000000000,78000000.0000,0.0001,9.9237,1.2378,1.0247,22.7937,0.0000,0.0000
1554,08057,5192726898,1557818069.4000,0.0004,-4.2189,5.0195,3.3705,-41.3631,0.0000,0.0000
1555,01532,897723000,178646877.0000,0.0002,-13.0585,0.4188,0.3301,16.9714,0.0000,0.0000
1556,01533,35130000,212185200.0000,,15.5559,1.5026,0.8617,-2.8391,1.2590,1.2590
1557,01476,450846000,1577961000.0000,,-11.5489,3.7042,0.7865,21.2690,0.0000,0.0000
1558,01508,6679416700,8349270875.0000,0.0013,12.1989,0.3722,0.5223,21.8545,2.8202,2.8202
1559,02799,25043852918,30052623501.6000,0.0030,25.4996,0.3746,0.2502,-0.5919,1.1767,1.1767
1560,08366,1577200000,575678000.0000,0.0036,-42.5608,3.6343,9.1302,36.9166,0.0000,0.0000
1561,03908,1727714428,23047710469.5200,0.0039,13.7383,2.6248,1.1536,11.2886,1.3648,1.3648
1562,01495,691200000,580608000.0000,0.0006,41.2524,0.8308,1.0301,21.0052,0.0000,0.0000
1563,01556,1500000000,357000000.0000,,6.1940,0.2872,0.8451,-3.6423,8.4034,8.4034
1564,01452,495349000,116902364.0000,0.0007,-2.5249,1.8421,0.3748,-2.4135,0.0000,0.0000
1565,02120,20240000,516120000.0000,0.0010,20.4276,4.0996,1.3761,-32.7333,0.6890,0.6890
1566,03799,13694117500,72578822750.0000,0.0004,16.6775,2.9715,3.9509,19.1246,3.0189,4.5849
1567,08368,1423513043,136657252.1280,0.0000,-1.5606,5.6335,3.0216,-12.5185,0.0000,0.0000
1568,01538,817622000,555982960.0000,0.0008,4.9633,0.4662,0.7390,-6.6307,3.6765,3.6765
1569,06865,450000000,2025000000.0000,0.0053,18.2190,2.4629,1.9277,-17.2950,1.1778,1.8444
1570,01561,645614035,2446877192.6500,0.0008,332.0952,5.7392,4.1510,-106.8879,0.4904,0.0000
1571,00722,757818000,924537960.0000,,24.6182,1.5787,1.4267,-6.5797,2.3729,2.4575
1572,01492,2174078000,934853540.0000,,12.6904,0.5627,0.3924,3.7331,0.0000,0.0000
1573,03866,1763034980,11600770168.4000,0.0000,12.5800,3.4561,1.2066,47.6929,3.4827,3.4827
1574,00416,3517320000,20400456000.0000,0.0000,-8.8757,1.9156,0.8185,150.3131,0.0000,0.0000
1575,00331,450000000,1269000000.0000,0.0001,5.3593,0.2576,1.8524,-1.7946,7.4823,8.2979
1576,03996,9262436000,6946827000.0000,0.0000,4.2255,0.0862,0.1960,-18.9730,4.6400,4.6400
1577,01447,400000000,436000000.0000,,3.3619,0.0704,0.8882,-12.9519,11.9266,3.6697
1578,01979,1000456000,860392160.0000,0.0001,15.5261,0.2687,1.3557,51.8340,2.9070,5.8140
1579,01341,4425862069,1327758620.7000,0.0000,-205.7902,7.5219,1.7316,135.0171,0.0000,0.0000
1580,08196,300000000,177000000.0000,,18.1011,0.8482,0.7295,-3.3387,0.0000,0.0000
1581,02289,28000000,200200000.0000,0.0000,14.5182,0.1676,1.4263,-34.0179,4.7745,4.7745
1582,03600,981646000,1217241040.0000,0.0010,14.2549,0.5257,0.6016,52.5511,2.6958,3.6349
1583,01786,531900000,723384000.0000,0.0000,11.2673,0.7308,0.3307,7.8820,4.1853,4.1853
1584,01662,500000000,995000000.0000,0.0002,24.2346,1.6575,2.7755,36.5661,0.0000,0.0000
1585,06196,1518000000,4022700000.0000,0.0005,4.4008,1.2091,0.4447,4.3808,6.4397,6.4397
1586,01543,554363334,881437701.0600,0.0002,16.9488,7.7090,0.9596,13.3335,3.8648,3.8648
1587,01568,2158210000,8524929500.0000,0.0001,22.3633,1.5814,3.6811,30.0975,1.7722,1.8987
1588,01558,222620050,8426168892.5000,0.0056,15.3773,5.7733,3.5767,-48.8573,3.0254,4.7466
1589,03678,249700000,274670000.0000,0.0027,9.6261,2.7373,0.5188,2.5035,8.2764,8.2764
1590,01548,1862006856,32957521351.2000,0.0014,197.9794,18.1819,9.1515,11.3257,0.0000,0.0000
1591,01799,313475630,1620669007.1000,,4.7906,0.4403,0.4101,3.4941,3.3026,3.3026
1592,08331,670572000,53645760.0000,0.0002,-0.7965,0.8957,0.6320,3.5327,0.0000,0.0000
1593,08230,810000000,226800000.0000,,4.7611,0.3461,0.4943,-38.1957,0.0000,0.0000
1594,03326,1350000000,850500000.0000,0.0000,15.3881,1.6293,1.4622,5.1574,6.3492,6.3492
1595,03773,415000000,352750000.0000,0.1371,-11.7004,5.0144,1.7834,-10.0172,0.0000,0.0000
1596,01459,133360000,133360000.0000,,2.6740,0.0663,0.3523,5.4783,4.0000,4.0000
1597,01565,3088761000,7227700740.0000,0.0003,17.3242,5.2860,2.4217,17.5857,3.4188,3.4188
1598,08113,652770000,179511750.0000,0.0004,42.9660,0.0968,1.2270,7.4551,3.6364,7.2727
1599,03301,1724330936,15381031949.1200,0.0018,6.1046,0.3818,0.3453,3.8854,4.0890,4.0890
1600,08282,160000000,58400000.0000,,-2.3993,0.5538,1.2608,20.9770,0.0000,0.0000
1601,03963,412509000,193879230.0000,,-2.1210,2.7390,2.2911,-8.0628,0.0000,0.0000
1602,08070,200000000,47000000.0000,,-6.8274,0.2783,0.8680,-4.5468,0.0000,0.0000
1603,02768,3944252161,12266624220.7100,0.0007,5.8476,1.0033,1.1090,-5.0535,4.3171,2.2967
1604,06833,1691890585,541404987.2000,,-1.6550,0.4873,12.9112,99.2026,0.0000,0.0000
1605,02138,985172448,5507113984.3200,0.0019,15.2507,2.9982,4.7235,76.0495,6.2573,6.2573
1606,01557,400000000,596000000.0000,0.0001,-20.4762,2.9357,6.5203,10.4963,0.0000,0.0000
1607,01578,1764599063,6546662523.7300,,4.5955,1.5830,0.4094,5.1429,5.5743,5.5743
1608,02016,4554000000,19809900000.0000,0.0000,6.0566,1.7834,0.7736,-3.3144,0.0000,0.0000
1609,02239,318217861,938742689.9500,0.0000,90.7578,2.8945,1.0955,-4.5289,0.3379,0.3379
1610,01419,379552233,493417902.9000,,20.4644,0.9525,1.6586,-157.2897,2.1979,2.1979
1611,08262,800000000,280000000.0000,,33.6336,0.5615,1.7723,15.7144,7.1429,7.1429
1612,01496,864000000,190080000.0000,,-75.3389,1.3009,0.7902,-20.0190,0.0000,0.0000
1613,01469,2500000000,2250000000.0000,0.0000,16.9198,5.6027,0.5673,12.0588,7.7778,7.7778
1614,01570,196133152,1125804292.4800,,5.7859,0.5414,0.5791,-7.7210,0.0000,0.0000
1615,01243,15200000000,14288000000.0000,0.0000,28.5588,5.0456,3.1826,44.6422,1.7500,1.7500
1616,08319,800000000,69600000.0000,,6.4726,0.1609,0.7272,22.8797,4.8276,4.8276
1617,01982,2279392000,1025726400.0000,0.0003,-3.4361,0.2353,0.5011,-1.7766,8.0000,8.0000
1618,08217,1248000000,109824000.0000,0.0002,-18.1587,0.2537,1.3319,-1.4095,0.0000,0.0000
1619,02738,600000000,1440000000.0000,0.0000,192.4394,0.4241,2.1811,-22.3676,0.0000,5.4167
1620,08346,600000000,48000000.0000,,-5.2310,0.4521,0.3639,-2.1129,0.0000,0.0000
1621,03626,184000000,152720000.0000,,12.0138,1.4291,1.6113,15.4951,6.0241,6.0241
1622,01585,3000000000,4470000000.0000,0.0013,8.8956,0.3867,1.4221,4.0314,2.6846,2.6846
1623,08187,480000000,232800000.0000,,-58.3312,1.0613,6.2463,-76.2779,0.0000,0.0000
1624,08161,1040000000,62400000.0000,,-4.6439,0.4431,1.1718,13.5711,0.0000,0.0000
1625,01420,1036456000,124374720.0000,0.0002,7.0337,0.2299,0.2336,11.8271,0.0000,0.0000
1626,08280,630332000,32777264.0000,0.0024,-0.1657,0.0820,0.0526,-1.0562,0.0000,0.0000
1627,03958,1027080000,4909442400.0000,0.0016,23.2699,1.8243,0.5727,-3.2588,2.3806,2.3806
1628,01549,1400000000,138600000.0000,0.0000,-26.5010,0.4113,1.1865,-12.1440,0.0000,0.0000
1629,01583,675096557,1579725943.3800,,41.2609,1.7743,1.2887,5.4875,0.0000,0.0000
1630,01606,3456618000,5288625540.0000,,6.6114,1.2168,0.7283,5.9106,6.6386,6.6386
1631,02869,2777776000,19861098400.0000,0.0012,35.0615,2.5254,7.0830,50.5551,1.0490,1.0490
1632,08292,800000000,96000000.0000,,-12.7369,0.6684,1.2192,-6.4147,0.0000,0.0000
1633,08328,648135553,758318597.0100,0.0000,12.8320,4.4495,1.9721,4.1699,0.0000,0.0000
1634,01586,400000000,544000000.0000,0.0000,33.1025,1.9856,2.3499,17.1224,0.6618,0.6618
1635,08229,400000000,80000000.0000,,13.8937,0.1322,0.6696,52.5624,7.3500,7.3500
1636,08360,595000000,28560000.0000,,-0.8123,0.1758,0.4841,-0.7663,0.0000,0.0000
1637,01579,1046900000,49361335000.0000,0.0019,81.4301,15.7248,20.2698,2125.6675,0.3686,0.3686
1638,02278,300000000,1254000000.0000,,15.6647,0.8226,0.5233,2.1943,0.0000,0.0000
1639,01612,637650000,382590000.0000,0.0001,12.3643,0.7839,0.8645,-14.3174,2.6667,2.6667
1640,08333,800000000,163200000.0000,0.0002,7.2582,3.2667,0.8560,4.5461,7.3529,7.3529
1641,01523,1042576000,1105130560.0000,0.0001,13.2573,3.3678,4.4971,8.1687,8.1862,8.7645
1642,08281,1000000000,280000000.0000,0.0002,146.7457,0.8673,1.2136,72.5081,0.0000,0.0000
1643,01589,3234074999,9960950996.9200,0.0001,15.3176,14.6587,0.7742,54.1757,0.0000,0.0000
1644,01560,641498000,352823900.0000,0.0001,1.8394,0.5253,0.5042,6.0686,32.4482,28.1818
1645,08232,446000000,55304000.0000,0.0000,-2.1322,0.4622,0.6396,-4.2149,0.0000,0.0000
1646,02136,1464448500,3324298095.0000,0.0002,8.4000,2.3990,0.2738,11.2712,0.0000,0.0000
1647,01573,718000000,466700000.0000,0.0917,1.9383,0.6237,0.3279,-4.5351,0.0000,0.0000
1648,08293,1250000000,63750000.0000,0.0088,-3.6342,0.5523,2.1878,-2.9470,0.0000,0.0000
1649,08056,810250000,251177500.0000,0.0000,-8.9973,0.4236,2.1295,-14.8424,0.0000,0.0000
1650,02031,750000000,405000000.0000,0.0013,12.9766,1.3998,2.1525,14.4452,5.5556,5.5556
1651,08300,2643360000,185035200.0000,,-10.0688,1.9969,1.3833,-2.7424,0.0000,0.0000
1652,06178,704088800,4097796816.0000,0.0012,222.1675,1.7421,0.4835,-63.1476,1.9551,1.9551
1653,03893,2400000000,122400000.0000,0.0000,-5.3357,1.7109,2.7315,-5.0518,0.0000,0.0000
1654,02633,2015625000,2580000000.0000,0.0002,10.2969,1.5135,0.9601,-103.6977,3.5156,3.5156
1655,01591,4000000000,164000000.0000,0.0001,-6.5255,0.7083,1.2525,-23.4219,0.0000,0.0000
1656,01658,19856167000,92926861560.0000,0.0010,6.1924,1.2399,0.7633,4.1501,4.7009,4.7009
1657,01577,180000000,234000000.0000,,8.5831,,0.6529,18.8238,4.3768,4.3768
1658,06858,609050000,4019730000.0000,0.0009,13.3101,2.0175,1.9192,302.0557,3.6949,12.8654
1659,01526,1590324000,1781162880.0000,0.0000,-28.3800,1.1120,2.6607,-12.7608,0.0000,0.0000
1660,02166,504105030,660377589.3000,0.0001,8.2121,0.1338,1.0556,-36.6002,4.5677,4.5802
1661,06099,980401180,8470666195.2000,0.0006,11.2089,2.7449,0.6348,-18.6084,3.4838,3.4838
1662,01547,800000000,312000000.0000,,14.9626,0.5257,2.3370,-12.0547,6.4103,6.4103
1663,08023,600000000,240000000.0000,0.0000,24.0493,2.0352,2.8894,42.4759,1.7500,1.7500
1664,08149,800000000,216000000.0000,,7.2615,2.7815,0.4665,-19.2909,1.5556,1.5556
1665,08231,1618032277,88991775.2350,,-10.4053,0.4856,0.5212,-9.3155,0.0000,0.0000
1666,08320,1200000000,114000000.0000,,-11.5338,3.7849,1.7411,-10.3486,0.0000,0.0000
1667,01609,977760000,4399920000.0000,,-41.4727,10.4544,5.8390,179.9338,0.0000,0.0000
1668,02113,767750000,195776250.0000,0.0004,-2.2531,1.3705,2.5151,-10.8212,0.0000,0.0000
1669,08035,600000000,128400000.0000,,-6.6291,0.3511,2.0629,-6.2011,0.0000,0.0000
1670,01575,1000000000,198000000.0000,0.0020,2.0202,0.1084,0.6381,-3.6028,15.6566,6.5657
1671,08052,1800000000,91800000.0000,0.0001,41.7083,0.4438,1.0995,-11.2929,0.0000,0.0000
1672,08341,200000000,506000000.0000,0.0005,-40.6785,5.6910,54.5200,532.0715,0.0000,0.0000
1673,01697,1164735000,1083203550.0000,,4.2380,2.1815,0.4131,-40.5603,9.9247,9.9247
1674,08349,400000000,48400000.0000,0.0001,28.0911,0.5537,0.8378,-8.0469,0.0000,0.0000
1675,08432,860000000,79120000.0000,,10.8413,0.5263,1.0514,54.5279,10.8696,10.8696
1676,08353,399158496,195587663.0400,,-5.5110,2.5894,2.8953,-20.7531,0.0000,0.0000
1677,01667,800000000,167200000.0000,,11.4005,0.3399,1.1774,-7.2103,0.0000,0.0000
1678,08142,1000000000,250000000.0000,0.0000,4.5498,0.4168,0.7131,-3.5227,0.0000,2.0000
1679,08091,720000000,42480000.0000,,65.9627,0.6942,0.6645,179.2405,0.0000,0.0000
1680,06066,1261023762,7099563780.0600,0.0067,11.9169,2.2310,0.7900,6.6207,7.3934,3.7408
1681,01272,624296200,1073789464.0000,,5.6796,0.5071,0.6512,236.9128,7.2810,7.2810
1682,01357,4224042191,7603275943.8000,0.0041,-5.1807,2.3283,1.9055,-7.8274,0.0000,0.0000
1683,01569,4017720000,5383744800.0000,0.0014,13.8405,7.3926,1.2899,-9.9020,0.0000,0.0000
1684,01633,684750000,178035000.0000,,-3.9283,0.7369,1.0584,-19.4383,0.0000,0.0000
1685,01660,1239000000,9627030000.0000,0.0000,314.5677,43.8132,31.0114,82.4790,0.0000,0.0000
1686,01679,839119071,268518102.7200,,54.7313,0.4836,0.6540,2.9488,0.0000,0.0000
1687,03686,1015200000,609120000.0000,0.0001,7.1504,1.5212,1.5855,24.4310,3.6667,3.6667
1688,08425,400000000,636000000.0000,0.0001,100.5534,13.2071,5.3578,-63.3466,0.0000,0.0000
1689,06122,796950000,2789325000.0000,,12.7796,2.4936,0.8852,-48.5873,5.6185,5.6185
1690,08321,800000000,40000000.0000,0.0009,10.8814,0.2366,0.3514,-1.1231,0.0000,0.0000
1691,01962,615000000,1094700000.0000,0.0004,9.8644,1.4951,1.4545,-54.3248,3.7640,1.9966
1692,01596,224460000,693581400.0000,0.0006,13.5346,2.1940,1.2622,-16.9744,2.8719,2.8719
1693,08062,480000000,81600000.0000,,8.3727,0.6138,0.7531,5.2571,0.0000,0.0000
1694,01629,500000000,3210000000.0000,0.0001,-594.8566,12.6470,24.2025,-306.6081,0.0000,0.0000
1695,01637,400000000,156000000.0000,0.0005,6.8732,0.3936,0.6584,-1.7809,3.5897,3.5897
1696,06113,400000000,440000000.0000,,15.1464,2.7558,3.0533,10.1116,9.9735,9.9735
1697,01985,300000000,252000000.0000,0.0001,8.7249,0.2008,1.1995,56.1998,11.3095,11.3095
1698,06068,2047154000,6325705860.0000,0.0167,18.0989,4.5053,2.5770,10.6227,2.5837,2.8776
1699,01627,2000000000,970000000.0000,,6.8584,0.4066,0.7390,-3.3603,8.2474,8.2474
1700,03768,340023000,748050600.0000,0.0015,5.5419,1.3510,0.5241,-8.6186,8.8528,8.8528
1701,01458,2383140500,8460148775.0000,0.0006,13.3995,2.2534,1.8936,-51.9428,4.5070,4.5070
1702,03789,1200000000,156000000.0000,,3.5965,0.2588,0.7090,4.7755,0.0000,0.0000
1703,08416,400000000,62400000.0000,,8.7127,0.4771,0.6821,-17.2519,16.0256,0.0000
1704,08417,1750400000,49011200.0000,0.0000,-93.8912,1.9977,0.6499,-203.3660,0.0000,0.0000
1705,08073,520000000,327600000.0000,,14.1518,2.1659,1.2367,-16.2519,1.9048,1.9048
1706,08452,89840000,59294400.0000,0.0023,5.0280,1.2997,0.4503,5.3779,8.8182,8.8182
1707,01536,380000000,112100000.0000,0.0001,8.0886,0.6859,0.6606,42.2700,0.0000,0.0000
1708,01632,858918182,781615545.6200,0.0002,-18.2042,4.5646,8.4952,-16.4205,0.0000,0.0000
1709,01635,533643000,1360789650.0000,0.0001,13.4968,1.2757,0.7721,-3.2701,2.6776,2.6776
1710,08036,1230000000,164820000.0000,0.0000,186.8707,3.0928,2.1299,-32.5281,0.0000,0.0000
1711,08347,800000000,300000000.0000,0.0046,373.1343,1.3059,3.3879,-43.4594,0.0000,0.0000
1712,06163,251364000,389614200.0000,0.0001,-34.3394,0.8697,2.8323,32.4443,0.0000,1.9355
1713,08439,140988555,197383977.0000,,20.5266,2.2161,1.7238,30.4370,3.5790,3.5790
1714,08160,522500000,57475000.0000,0.0004,-32.0731,1.5341,1.2595,1741.6667,0.0000,0.0000
1715,01989,902880000,568814400.0000,,42.3383,3.0453,2.7468,-27.3903,2.5714,2.5714
1716,08297,480000000,37920000.0000,,-1.5530,0.5203,2.3968,-0.6378,0.0000,0.0000
1717,01608,2562230000,5867506700.0000,0.0003,27.5098,2.4238,2.1426,-12.6238,0.8514,0.4498
1718,08455,800000000,184000000.0000,0.0001,-61.5385,1.3816,3.8312,41.5537,0.0000,0.0000
1719,01581,1037500000,235512500.0000,0.0005,-5.1762,1.0640,1.1553,-6.7703,0.0000,0.0000
1720,08411,1000000000,155000000.0000,0.0003,5.3943,1.2461,1.2463,-77.3839,1.6129,1.6129
1721,08221,2000000000,162000000.0000,,7.3543,2.3966,0.5777,14.4682,0.0000,0.0000
1722,01647,1031905000,433400100.0000,0.0044,15.3389,1.4211,1.4025,-4.2374,0.0000,0.0000
1723,01656,429572849,515487418.8000,,8.0982,0.2935,0.4666,-133.6491,3.3293,3.3293
1724,03848,155523000,1031117490.0000,0.0008,37.3097,10.6211,1.2319,174.2389,0.4514,0.4514
1725,03689,84394000,424501820.0000,0.0349,8.5820,0.8792,1.0376,-7.8657,3.5785,3.5785
1726,08370,804000000,217080000.0000,,37.1979,2.4739,1.0648,213.3184,0.0000,0.0000
1727,08308,980000000,784000000.0000,,43.0112,2.6924,1.7333,36.8838,0.0000,0.0000
1728,06169,3284758210,13139032840.0000,0.0149,21.9824,9.7635,2.8491,12.1045,2.7679,3.1250
1729,08283,2000000000,2100000000.0000,0.0009,-95.7421,20.6665,49.3276,628.8781,0.0000,0.0000
1730,08291,400000000,31600000.0000,,-3.4126,0.2342,0.3025,-0.6311,0.0000,0.0000
1731,03395,301886520,407546802.0000,0.0003,-9.5805,4.6926,1.1296,287.7779,0.0000,0.0000
1732,08365,513200000,169356000.0000,0.0023,7.0243,2.2066,1.6340,-131.0805,6.0606,9.0909
1733,01655,500000000,585000000.0000,,11.3841,0.9701,0.7512,-24.1935,0.0000,0.0000
1734,06119,600000000,330000000.0000,,48.1363,3.4172,0.8503,1.7949,2.7691,2.7691
1735,01518,490025000,1470075000.0000,0.0000,30.2822,2.0409,1.0639,-3.6481,0.0000,0.0000
1736,03306,518750000,5644000000.0000,0.0027,10.5082,1.5170,3.6102,-33.1032,7.3529,7.3529
1737,08039,418000000,1304160000.0000,0.0002,-252.9893,28.4453,28.7818,-84.6198,0.0000,0.0000
1738,02017,618502000,402026300.0000,0.0000,20.1749,0.4689,0.4380,-3.4667,0.0000,0.0000
1739,01611,305495000,971474100.0000,0.0001,147.3940,2.8125,7.2294,8.2770,0.0000,0.0000
1740,08188,487808000,61951616.0000,0.0000,-6.2838,0.4405,0.8868,-9.4209,0.0000,0.0000
1741,01572,1678000000,1963260000.0000,0.0022,12.2667,6.5477,1.8275,36.3477,0.8547,0.8547
1742,01580,974400000,418992000.0000,0.0000,18.6482,0.8250,0.7811,-13.8670,0.0000,0.0000
1743,02281,214940000,294467800.0000,0.0000,6.5508,0.8285,0.5240,-6.6251,4.9635,4.9635
1744,08118,500000000,187500000.0000,0.0100,8.0067,1.1572,1.5200,-316.1889,0.0000,0.0000
1745,06189,62763000,857342580.0000,0.0012,21.5749,1.5404,2.6133,-27.9188,0.0000,0.0000
1746,01707,1680000000,630000000.0000,0.0000,118.0438,2.4474,2.2708,-23.2997,0.0000,0.0000
1747,01649,821547048,977640987.1200,,694.3004,0.2218,0.7115,1.2208,1.5109,1.5109
1748,01617,1120000000,5084800000.0000,0.0004,30.7101,4.8244,5.5142,71.1557,1.5634,1.5634
1749,02266,400000000,228000000.0000,,101.7012,1.3569,1.1023,6.1154,0.0000,0.0000
1750,02363,189115638,173986386.9600,0.0003,42.7170,0.3429,0.4553,4.1111,0.0000,0.0000
1751,08412,800000000,105600000.0000,0.0000,-3.9432,1.2896,7.5230,-8.0018,0.0000,0.0000
1752,08257,1000000000,230000000.0000,0.0001,16.2585,0.8057,1.5518,27.4797,4.3478,4.3478
1753,03869,138194000,1658328000.0000,,-28.1738,3.7082,0.8461,-20.2159,0.0000,0.0000
1754,08420,600000000,54600000.0000,0.0005,4.5379,0.8115,0.4656,-4.1551,0.0000,0.0000
1755,08460,1000000000,320000000.0000,,-78.9344,2.5077,4.9668,-7.5784,0.0000,0.0000
1756,08013,1600000000,241600000.0000,0.0000,214.9466,2.6908,4.4044,-25.7295,0.0000,0.0000
1757,01571,1002905000,1384008900.0000,0.0005,2.9976,0.5773,0.5425,-3.5536,13.2570,10.7246
1758,01758,821856000,591736320.0000,0.0008,31.5091,2.2724,0.6174,1.9051,0.0000,0.0000
1759,00994,612000000,618120000.0000,0.0002,35.5364,1.0120,1.7509,-20.2709,0.0000,0.0000
1760,08465,260000000,283400000.0000,,3.5622,0.5556,0.4244,-3.0119,0.0000,0.0000
1761,08428,1200000000,296400000.0000,0.0007,-14.4156,3.2183,4.9035,-17.5603,0.0000,0.0000
1762,08309,600000000,53400000.0000,,23.9892,0.1561,0.9077,11.1065,0.0000,0.0000
1763,01781,540000000,448200000.0000,0.0023,13.2459,1.3145,2.2424,8.9066,9.0361,9.0361
1764,08385,800000000,189600000.0000,0.0045,7.7912,0.4383,0.6520,-7.6279,0.0000,0.0000
1765,08481,500000000,170000000.0000,0.0000,10.5430,0.4144,0.8520,72.8356,0.0000,0.0000
1766,01676,1000000000,160000000.0000,,1.7864,0.2044,0.3034,-2.6936,0.0000,0.0000
1767,08413,1162000000,825020000.0000,0.0093,211.0565,3.8566,7.7595,76.8318,0.0000,0.0000
1768,01702,620944000,1130118080.0000,,9.6968,0.4228,0.9367,23.9225,2.1961,2.1961
1769,01417,405000000,1004400000.0000,,33.8195,2.1904,3.5305,132.1990,0.4032,0.3226
1770,08472,400000000,196000000.0000,,-16.7708,0.3699,4.5357,-19.5765,0.0000,0.0000
1771,08423,800000000,464000000.0000,0.0000,25.5563,1.6717,5.0138,-92.8743,0.0000,0.0000
1772,08462,600000000,297000000.0000,0.0058,-20.3994,1.4684,3.0775,-32.2919,0.0000,0.0000
1773,01932,1000000000,450000000.0000,0.0000,-3.2314,0.7290,0.8588,-5.6237,0.0000,0.0000
1774,01749,33400000,33400000.0000,0.0050,3.1474,0.1112,0.3871,2.6727,6.8000,6.8000
1775,08446,800000000,208000000.0000,0.0000,9.2508,2.2064,1.6042,34.3663,0.0000,0.0000
1776,01933,505263177,252631588.5000,0.0002,10.9371,1.9245,0.8474,-4.3407,0.0000,0.0000
1777,08427,620000000,145700000.0000,0.0027,-29.3130,2.6366,2.1914,-41.4465,0.0000,0.0000
1778,01693,1800000000,282600000.0000,0.0000,104.5524,0.2934,0.5536,-3.2158,0.0000,0.0000
1779,08069,400000000,176000000.0000,,-5.3147,0.5456,2.6128,-5.0700,0.0000,0.0000
1780,08395,1584000000,91872000.0000,,84.1319,1.0757,1.8226,-6.9785,0.0000,0.0000
1781,01551,1820335000,7281340000.0000,,5.1512,1.6267,0.5919,-1.0467,5.6885,5.6885
1782,02269,1241557780,100193712846.0000,0.0030,135.7971,33.7874,10.5247,24.0103,0.0000,0.0000
1783,02611,1391827180,15699810590.4000,0.0004,12.8043,3.0998,0.6506,8.1251,2.7723,2.7723
1784,06038,1000000000,200000000.0000,0.0001,5.4143,0.5473,0.9103,-19.9144,9.0000,9.0000
1785,08509,400000000,158000000.0000,,4.8221,0.4715,0.8439,-7.8463,0.0000,0.0000
1786,08473,1120000000,240800000.0000,0.0008,8.7161,1.6085,2.0768,15.9851,6.9767,6.9767
1787,08152,600000000,60000000.0000,,-12.1188,0.5266,0.5242,-1.6684,0.0000,0.0000
1788,01975,480000000,199200000.0000,0.0001,22.0916,0.7372,0.6874,1.5067,7.2289,9.6386
1789,01742,1600000000,283200000.0000,0.0001,3.5607,0.2136,0.5513,-11.9096,0.0000,0.0000
1790,03830,1000000000,245000000.0000,0.0000,-26.1724,0.8476,1.9149,-53.5402,0.0000,0.0000
1791,08405,400000000,404000000.0000,,18.4466,2.9812,2.5609,34.4828,0.0000,0.0000
1792,02293,400000000,460000000.0000,,10.8951,5.6540,3.6555,13.6547,2.1739,2.1739
1793,08350,800000000,200000000.0000,,10.2654,3.9420,2.8564,11.5075,16.0000,8.4000
1794,02377,1007706799,1209248158.8000,0.0010,2.6230,0.5928,0.4999,13.2975,7.5052,7.5052
1795,08362,1400000000,84000000.0000,0.0005,23.6287,0.6167,0.5952,-28.4553,0.0000,0.0000
1796,01710,1000000000,310000000.0000,0.0001,7.3151,0.3499,0.8846,9.4735,8.3871,8.3871
1797,08471,800000000,256000000.0000,0.0003,-78.4533,2.2076,3.2698,-55.1443,0.0000,0.0000
1798,08436,400000000,172000000.0000,0.0018,5.3335,0.6647,0.9647,23.2087,0.0000,0.0000
1799,01651,381370000,2414072100.0000,0.0002,5.7835,0.7458,1.5014,27.0644,5.5292,5.5292
1800,02001,1541100000,5147274000.0000,0.0101,18.2051,7.8641,1.6469,19.1564,1.5266,1.8653
1801,08400,1000000000,76000000.0000,,3.6713,0.6933,0.8869,-3.9495,0.0000,0.0000
1802,01630,1500000000,201000000.0000,0.0002,-10.4043,0.2363,1.1491,2.2521,0.0000,0.0000
1803,02337,234502000,1263965780.0000,0.0011,25.1814,3.1079,4.4512,-41.2454,1.5807,1.5807
1804,01695,1080000000,118800000.0000,0.0001,9.8046,0.7717,0.5103,-4.4087,0.0000,0.0000
1805,08430,640000000,38400000.0000,0.0005,14.1706,0.2252,0.3268,-16.9787,0.0000,0.0000
1806,08223,400000000,428000000.0000,0.0014,21.5995,6.0588,1.3162,16.1706,0.0000,0.0000
1807,06885,135421000,444180880.0000,0.0004,1.8031,0.2014,0.6276,14.9246,14.0648,15.7150
1808,01552,800000000,160000000.0000,0.0012,8.7892,0.2514,0.6474,-184.2260,0.0000,0.0000
1809,08521,480000000,103200000.0000,,4.2502,0.5949,0.6854,1.7383,0.0000,0.0000
1810,08493,1440000000,72000000.0000,,-1.2399,0.1735,1.6566,30.2394,0.0000,0.0000
1811,01712,138840613,299895724.0800,0.0000,-5.7084,1.4374,1.4020,13.6318,0.0000,0.0000
1812,01671,44320000,50968000.0000,0.0021,5.9625,0.3644,0.5557,8.2570,7.9168,7.9168
1813,08429,480000000,369600000.0000,0.0011,132.7586,4.0403,4.2934,-6.8425,0.1948,0.1948
1814,08495,384000000,101760000.0000,0.0003,-18.1068,0.2920,1.0496,-6.8158,0.0000,0.0000
1815,08419,400000000,84400000.0000,0.0010,3.8993,0.3540,0.8220,-0.8630,0.0000,0.0000
1816,02225,1230000000,2337000000.0000,,-114.0893,8.5078,16.0974,-67.1581,0.0000,0.0000
1817,01216,3795000000,6185850000.0000,0.0001,11.6247,1.6724,0.6253,2.2226,2.4529,2.4529
1818,08491,600000000,1134000000.0000,0.0010,-532.8774,7.6770,11.6524,-86.4598,0.0000,0.0000
1819,08375,800000000,120000000.0000,,23.3781,1.1955,1.3140,-19.6335,0.0000,0.0000
1820,08526,574000000,183680000.0000,0.0000,18.1144,0.9155,2.0567,16.2822,0.0000,0.0000
1821,06033,403753000,1130508400.0000,0.0001,8.5805,0.9123,3.2174,403.4648,8.5714,8.5714
1822,02232,2852822000,8872276420.0000,0.0003,7.5759,0.4528,1.1157,-10.0147,3.9871,3.9871
1823,08275,600000000,29400000.0000,0.0000,-12.2195,0.1928,0.3908,-14.9390,0.0000,0.0000
1824,08383,800000000,166400000.0000,,12.6995,0.4948,1.0852,5.1921,0.0000,0.0000
1825,08373,400000000,120000000.0000,,8.2114,0.4837,1.1785,-23.2422,0.0000,0.0000
1826,01475,1074319480,7230170100.4000,0.0024,35.1922,2.4110,2.0010,-27.3901,1.4116,1.4116
1827,08480,560000000,1232000000.0000,0.0008,690.7708,6.9103,3.8831,-109.4947,0.0000,0.0000
1828,08431,1300000000,133900000.0000,,44.9027,0.9884,1.3616,-83.0645,0.0000,0.0000
1829,06088,6781286888,22988562550.3200,0.0006,12.5200,0.7312,1.4922,9.0316,2.0621,2.0621
1830,02448,760000000,1003200000.0000,0.0005,16.7774,2.5472,2.7618,63.0267,0.0000,0.0000
1831,08445,600000000,84600000.0000,,7.0914,0.2323,0.6658,-5.9771,0.0000,0.0000
1832,01720,1100000000,1859000000.0000,0.0000,18.7619,2.0314,3.9109,-91.4663,0.0000,0.0000
1833,08519,860000000,69660000.0000,0.0002,-4.5131,0.3025,1.3603,2.5510,0.0000,0.0000
1834,08612,600000000,396000000.0000,0.0039,49.3389,9.0450,7.1860,-59.8683,0.0000,0.0000
1835,03878,400000000,1000000000.0000,0.0022,34.2994,2.6995,3.4625,-11.9106,0.0000,0.0000
1836,08379,800000000,60800000.0000,0.0000,-40.9152,1.1950,0.6407,-9.3625,0.0000,0.0000
1837,00804,4897320000,582781080.0000,0.0015,-193.9371,30.9184,2.1306,-8.2188,0.0000,0.8403
1838,08606,800000000,80000000.0000,0.0099,-8.8810,0.4134,0.8662,2.7838,0.0000,0.0000
1839,08437,600000000,108000000.0000,,10.0295,2.6570,1.2732,11.8469,0.0000,0.0000
1840,08485,1000000000,80000000.0000,0.0009,4.4848,0.6461,0.7785,10.3681,0.0000,0.0000
1841,01696,442155600,1666926612.0000,0.0009,9.7274,1.3797,0.6643,-40.5414,2.6525,2.6525
1842,06829,1200000000,402000000.0000,0.0038,40.8827,0.8774,1.3952,-15.6664,0.0000,0.0000
1843,03616,1200000000,1188000000.0000,0.0004,4.5344,0.5404,1.1043,3.9941,5.9596,5.9596
1844,01730,402445400,269638418.0000,0.0001,8.7739,0.4341,0.5093,8.0962,0.0000,0.0000
1845,08545,1000000000,85000000.0000,0.0061,5.6213,0.4655,0.5222,1.2786,0.0000,0.0000
1846,08476,280000000,198800000.0000,,7.9670,0.6072,1.5143,9.6857,3.8028,3.8028
1847,08448,900000000,52200000.0000,0.0000,-9.7840,0.3418,0.9978,-1.6479,0.0000,0.0000
1848,01631,256000000,122880000.0000,,3.3447,0.6387,0.5439,-2.7853,0.0000,0.0000
1849,03358,1058391000,3683200680.0000,0.0004,10.8970,0.5423,1.0647,-5.9166,2.7701,2.7701
1850,01763,79968800,1591379120.0000,0.0019,16.9074,1.6863,1.2830,4.0477,1.5516,0.7008
1851,06080,933750000,457537500.0000,0.0004,-13.2593,1.1656,2.6445,-11.9887,0.0000,0.0000
1852,01783,800000000,152000000.0000,,9.0347,0.3570,0.7986,3.9293,0.0000,0.0000
1853,02292,720000000,871200000.0000,0.0000,17.2371,21.1533,0.5656,-81.0193,0.0000,0.0000
1854,08392,1000000000,110000000.0000,0.0003,-15.6606,1.8676,2.1630,-10.6858,0.0000,0.0000
1855,00784,800000000,440000000.0000,0.0056,-21.4707,1.5214,4.1963,-20.6041,0.0000,0.0000
1856,02863,543621000,271810500.0000,,10.0207,0.7248,1.3932,-2.8300,0.0000,0.0000
1857,03738,424874536,1100425048.2400,0.0318,-56.0302,9.2077,3.3746,11.5230,0.0000,0.0000
1858,08065,400000000,106000000.0000,0.0001,5.5051,0.5033,0.7354,-32.7565,0.0000,0.0000
1859,08377,800000000,116000000.0000,,-10.6863,1.7982,1.9297,-4.4169,0.0000,0.0000
1860,01905,5794453176,10372071185.0400,0.0002,10.2411,2.4298,0.8548,82.3406,0.0000,3.1181
1861,02122,800000000,248000000.0000,0.0000,-2.5418,0.1269,0.3217,-1.3795,0.0000,0.0000
1862,06090,840778624,1933790835.2000,,4.1820,2.7629,0.6425,-29.3627,5.0130,4.9739
1863,01337,8780703033,12644212367.5200,0.0003,-16.6132,2.2611,2.6917,-17.4450,0.0000,0.0000
1864,02203,800000000,212000000.0000,,6.1196,0.6087,0.7606,-71.8401,0.0000,0.0000
1865,01826,1232000000,1121120000.0000,0.0002,34.9727,1.7287,3.3642,412.0250,0.0000,0.0000
1866,06182,800000000,408000000.0000,0.0000,530.5592,1.7734,2.4132,-56.3225,0.0000,0.0000
1867,08287,660000000,158400000.0000,0.0002,-8.8551,0.2761,0.7809,-5.9846,0.0000,0.0000
1868,06060,469812900,8484820974.0000,0.0044,-13.0167,2.0167,1.4433,-8.0182,0.0000,0.0000
1869,06036,1000000000,182000000.0000,0.0019,8.0481,0.0490,0.5714,1.5452,3.2967,3.2967
1870,01750,1800000000,262800000.0000,,25.8738,1.4107,1.2976,5.4122,0.0000,0.0000
1871,01727,461383500,2394580365.0000,0.0042,7.0189,0.1674,1.4745,14.7485,6.5694,6.5694
1872,02683,408626000,208399260.0000,,5.1242,0.2744,0.8549,-13.1524,7.8431,7.8431
1873,01621,1000000000,153000000.0000,0.0001,8.5057,0.1421,0.8959,-3.9193,6.5359,6.5359
1874,00772,1022008646,25192513123.9000,0.0026,23.6442,4.2736,1.2004,38.3981,0.0000,0.0000
1875,08285,560000000,50400000.0000,,-8.1591,0.3043,0.7218,-34.1671,0.0000,0.0000
1876,08371,379732000,303785600.0000,0.0001,11.1473,0.9872,2.9758,-13.1066,3.8181,3.8181
1877,08450,1000000000,52000000.0000,0.0000,10.9774,0.5739,0.7208,1.9049,19.2308,9.6154
1878,08040,320000000,80000000.0000,0.0001,7.4864,0.2464,0.8281,-3.3108,4.8000,4.8000
1879,08501,200000000,222000000.0000,,7.8959,0.3413,1.6228,4.6999,2.7928,2.7928
1880,02022,2000000000,280000000.0000,0.0002,38.0802,1.4770,0.7328,-3.1531,0.0000,0.0000
1881,08483,800000000,80000000.0000,0.0000,44.9438,1.4616,1.2384,2.3098,0.0000,5.0000
1882,01711,800000000,165600000.0000,0.0000,-41.6290,0.6816,1.4829,-6.9242,0.0000,0.0000
1883,02182,620000000,446400000.0000,0.0018,5.8927,0.4650,0.8932,10.4858,4.1667,6.2500
1884,02227,840000000,705600000.0000,0.0030,164.5707,6.3715,2.2708,-5.0017,0.0000,0.0000
1885,08136,1000000000,115000000.0000,,17.4613,1.5317,1.8057,23.4455,0.0000,0.0000
1886,08479,630000000,144900000.0000,0.0000,4.2730,0.0649,0.5037,43.1655,0.0000,0.0000
1887,01183,1198082000,1102235440.0000,0.0000,20.7581,1.9110,2.8341,-17.3232,4.7843,3.6957
1888,08456,400000000,45200000.0000,0.0000,-2.4082,0.1958,0.6956,-3.7451,0.0000,0.0000
1889,08536,500000000,100000000.0000,0.0001,18.5110,0.9971,1.0397,2.7658,0.0000,0.0000
1890,08535,1200000000,94800000.0000,0.0005,4.1314,0.2593,0.8757,5.7521,0.0000,0.0000
1891,03309,1051299994,4951622971.7400,0.0012,116.3145,11.5322,5.8304,12.4809,0.4246,0.4246
1892,01735,264000000,1444080000.0000,0.0000,-133.5380,7.2484,8.3233,-35.7039,0.0000,0.0000
1893,08422,1000000000,200000000.0000,0.0004,-20.9139,4.4449,2.8656,12.7251,0.0000,0.0000
1894,08426,800000000,129600000.0000,0.0001,10.6737,0.3491,1.1596,-4.0755,3.0864,3.0864
1895,01757,1200000000,177600000.0000,0.0002,-2.6009,0.4439,1.7255,13.8815,0.0000,0.0000
1896,01716,270000000,259200000.0000,0.0002,16.6635,2.5796,2.6188,33.0781,5.4167,5.4167
1897,08523,400000000,170000000.0000,0.0011,6.8651,0.5074,1.2601,-5.1156,0.0000,0.0000
1898,01729,1840000000,809600000.0000,0.0003,6.5856,0.6160,1.4745,-10.6833,6.8182,6.8182
1899,08313,2000000000,670000000.0000,0.0010,106.6957,9.7860,3.4451,22.4765,0.8657,1.7015
1900,01706,1000000000,162000000.0000,0.0000,8.9504,0.3067,0.5472,-2.5031,0.0000,0.0000
1901,01737,1000000000,109000000.0000,0.0002,232.9060,0.2435,0.5776,-2.0684,0.0000,0.0000
1902,01722,1000000000,360000000.0000,0.0035,22.1553,1.4311,1.7623,-6.7319,0.0000,0.0000
1903,01825,800000000,99200000.0000,0.0004,-4.3758,0.1546,0.8585,11.1661,0.0000,0.0000
1904,08367,800000000,44800000.0000,,-2.7849,0.3146,0.6698,-1.6354,0.0000,0.0000
1905,08107,1000000000,70000000.0000,0.0000,5.5946,0.6258,1.0021,4.9854,32.8571,47.1429
1906,01990,814412028,814412028.0000,0.0004,13.7411,1.7228,0.7936,39.6415,4.5000,4.5000
1907,08527,500000000,350000000.0000,0.0002,-23.9122,3.1436,6.3847,10.8835,0.0000,0.0000
1908,08406,800000000,94400000.0000,,3.7880,0.4174,0.9284,-2.8816,6.3559,6.3559
1909,08487,800000000,448000000.0000,0.0025,-47.7291,8.6271,5.2168,10.4776,0.0000,0.0000
1910,01815,1237875040,1237875040.0000,0.0026,7.4422,0.4251,0.8868,-15.3953,0.0000,0.0000
1911,00839,2020202000,21373737160.0000,0.0038,52.8677,20.2644,2.7354,-12.3169,0.6994,1.0302
1912,01978,800000000,568000000.0000,0.0004,16.1313,0.5657,1.4127,7.8563,7.6056,21.6338
1913,01451,200000000,97000000.0000,0.0004,-31.0897,0.4160,0.6240,2.0766,0.0000,0.0000
1914,01789,1043870000,7234019100.0000,0.0073,42.6821,10.3006,6.8233,-62.1691,0.5036,0.5036
1915,08510,800000000,190400000.0000,0.0006,-5.0566,1.4740,15.9691,-3.7896,0.0000,0.0000
1916,08401,200000000,89000000.0000,0.0003,16.5674,3.1589,1.4401,-11.8635,0.0000,0.0000
1917,02025,800000000,1376000000.0000,0.0000,11.4703,1.9222,1.3381,7.4616,3.9826,0.0000
1918,01997,3036227327,125396188605.1000,0.0008,6.9560,7.6085,0.5492,-443.0961,5.0847,5.2058
1919,08513,400000000,47600000.0000,0.0007,-2.6515,0.4985,1.0621,1.4606,0.0000,0.0000
1920,08532,800000000,49600000.0000,0.0063,-7.5368,0.2299,0.8071,-1.0034,0.0000,0.0000
1921,03728,1013000000,247172000.0000,0.0008,22.4172,0.2930,2.2098,14.7724,1.6393,1.6393
1922,01665,1600000000,2208000000.0000,0.0033,11.4423,2.7436,3.1978,8.9853,1.0870,1.0870
1923,08490,705500000,282200000.0000,0.0003,806.2857,1.5300,1.1921,7.0152,0.0000,0.0000
1924,01723,400000000,2116000000.0000,0.0000,132.6979,10.8503,14.2048,35.6421,0.0000,0.0000
1925,02119,763683112,885872409.9200,0.0011,11.6894,0.8270,1.6027,3.1061,4.9736,7.1461
1926,01709,1123800000,516948000.0000,0.0001,27.6709,2.7716,3.0262,52.1695,0.0000,0.0000
1927,03319,433334000,6664676920.0000,0.0032,21.8795,5.1903,3.1725,4.4849,2.2195,2.2195
1928,08168,1000000000,67000000.0000,0.0002,65.3659,3.0177,1.4921,1.9077,0.0000,0.0000
1929,08402,480000000,206400000.0000,0.0108,5.4505,0.7115,1.2531,6.2015,0.0000,0.0000
1930,02139,2543800000,4553402000.0000,0.0000,4.4884,1.7379,0.6586,0.8602,6.4972,6.4972
1931,08043,400000000,76000000.0000,0.0002,-11.5836,0.2376,1.0058,-5.4370,0.0000,0.0000
1932,08105,800000000,480000000.0000,0.0069,113.6308,8.2553,3.3553,8.9114,0.0000,0.0000
1933,08140,800000000,960000000.0000,0.0001,-824.0343,17.3702,12.5562,-51.8527,0.0000,0.0000
1934,08391,440000000,213400000.0000,0.0043,-27.5853,2.8847,2.3181,4.1243,0.0000,0.0000
1935,01726,800000000,400000000.0000,0.0000,79.2212,4.9941,2.5582,4.2676,0.0000,0.0000
1936,08372,800000000,68800000.0000,,10.4116,1.1853,0.8482,-16.8051,5.0872,5.0872
1937,08151,420000000,75600000.0000,0.0002,6.1849,0.6991,0.8042,3.9549,0.0000,0.0000
1938,06158,4367756000,20921551240.0000,0.0012,8.4168,0.6748,0.6484,2.2621,2.9560,2.9560
1939,08146,800000000,244000000.0000,0.0014,33.8655,2.8775,0.8720,7.0098,0.0000,0.0000
1940,01615,600000000,171000000.0000,0.0005,7.1820,0.6754,0.7226,1.7879,3.5088,3.5088
1941,02262,1140039000,889230420.0000,0.0021,15.6756,1.7647,2.1311,6.7185,6.4103,6.4103
1942,08511,400000000,71600000.0000,,9.7935,1.3665,1.1421,8.4285,0.0000,0.0000
1943,08507,400000000,64000000.0000,0.0013,-4.7555,0.5282,1.2060,2.7188,0.0000,0.0000
1944,01713,268800000,427392000.0000,0.0003,8.6627,0.7214,0.5914,2.0788,6.2604,6.2604
1945,02116,480000000,196800000.0000,0.0005,7.3486,0.9531,0.6954,1.9783,2.4390,2.4390
1946,08017,500000000,175000000.0000,0.0007,-9.8883,3.7788,3.6508,4.2628,0.0000,0.0000
1947,08512,1100000000,49500000.0000,0.0001,10.3687,0.2298,0.4627,0.9604,0.0000,0.0000
1948,08540,200000000,250000000.0000,0.0010,35.0850,3.8517,1.1919,38.9033,2.0000,2.1600
1949,01546,800000000,304000000.0000,0.0000,8.1049,0.3640,2.1934,8.4673,9.8684,9.8684
1950,02663,600000000,148800000.0000,,5.2576,0.3586,0.7893,3.6166,6.4516,6.4516
1951,08241,360000000,66600000.0000,0.0012,-24.2006,1.4828,1.6153,9.1509,0.0000,0.0000
1952,01598,1220541000,939816570.0000,0.0052,11.5505,3.9696,1.3189,4.1659,0.0000,0.0000
1953,01715,1500000000,525000000.0000,0.0000,20.0278,1.5929,2.5535,-29.3583,0.0000,0.0000
1954,02858,6371000152,10002470238.6400,0.0002,-51.2991,1.5445,0.5757,-2.2970,0.0000,0.0000
1955,01620,1200000000,282000000.0000,,25.4169,1.8903,1.7126,3.6206,1.9574,1.9574
1956,01752,2537938000,748691710.0000,0.0007,84.3367,5.4978,2.5229,4.3213,0.0000,0.0000
1957,02779,1608583000,4230573290.0000,0.0015,14.1358,9.3723,1.5502,2.4555,2.1255,2.1255
1958,08506,1000000000,118000000.0000,,4.8713,0.7516,0.7961,1.7285,0.0000,0.0000
1959,03919,240000000,118800000.0000,0.0001,19.1768,0.3672,0.4720,47.5962,0.0000,0.0000
1960,08403,2000000000,82000000.0000,0.0015,-70.2417,0.5607,0.9494,1.6961,0.0000,0.0000
1961,06083,494067114,276677583.8400,0.0008,24.9080,1.7826,2.9163,18.7591,5.2191,5.2191
1962,08305,800000000,90400000.0000,0.0013,7.0012,0.3591,1.0476,3.0854,0.0000,0.0000
1963,08451,800000000,57600000.0000,0.0003,-7.7625,0.7418,0.6965,2.2071,0.0000,0.0000
1964,02708,400000000,640000000.0000,0.0018,16.5822,1.8834,1.9300,-26.7820,0.0000,0.0000
1965,01592,1200000000,330000000.0000,0.0020,16.0662,1.1035,2.0947,19.1927,3.6364,3.6364
1966,01587,680000000,336600000.0000,0.0003,10.2208,0.5471,1.0528,3.1678,0.0000,0.0000
1967,08482,840000000,130200000.0000,0.0007,-8.1523,0.6745,1.8804,3.5585,0.0000,0.0000
1968,01775,500000000,280000000.0000,,10.8179,0.6861,1.3838,2.4623,7.1429,7.1429
1969,08619,960000000,2092800000.0000,0.0040,-4994.7494,32.3817,29.4977,58.7354,0.0000,0.0000
1970,01705,400000000,292000000.0000,0.0002,21.6842,0.5621,2.0175,-4.3526,4.1096,4.1096
1971,08631,400000000,62000000.0000,0.0000,-346.3687,0.1307,1.0170,2.7675,0.0000,0.0000
1972,08622,400000000,60400000.0000,0.0005,-112.5295,1.8011,0.7582,1.4793,0.0000,0.0000
1973,08502,800000000,224000000.0000,0.0000,10.7766,2.0292,0.5272,3.5046,0.0000,0.0000
1974,08525,270000000,113400000.0000,0.0000,4.1817,1.2275,0.3667,1.1313,5.0000,5.0000
1975,08447,1000000000,46000000.0000,0.0017,59.4315,0.1779,0.7455,0.8840,32.6087,32.6087
1976,01686,2327116833,12915498423.1500,0.0003,16.6357,9.4635,3.4611,-93.3646,2.7188,2.7188
1977,08516,480000000,1238400000.0000,0.0033,643.9938,11.4325,15.7297,161.3550,0.0000,0.0000
1978,01719,1725066689,1483557352.5400,0.0001,20.8192,5.6515,1.8914,-66.5899,0.0000,0.0000
1979,01787,499645300,9942941470.0000,0.0128,64.8374,0.9657,2.3153,-108.3838,0.4343,0.4343
1980,01872,900000000,414000000.0000,0.0779,9.6275,0.3867,1.7097,34.8358,0.0000,0.0000
1981,01833,1067294200,49255627330.0000,0.0053,-46.0198,12.5693,4.3556,-11.6179,0.0000,0.0000
1982,01576,1100000000,1980000000.0000,0.0000,7.5188,3.3322,0.9244,5.3467,8.1364,8.1364
1983,01659,9136000000,1233360000.0000,,37.6419,5.7937,2.1320,-19.2838,0.0000,0.0000
1984,01652,800000000,5112000000.0000,0.0000,43.0402,9.4901,7.2205,60.1396,0.2316,0.1862
1985,01690,1330000000,183540000.0000,,10.3014,0.5949,1.4298,-43.9722,0.0000,0.0000
1986,01820,300632000,1352844000.0000,0.0000,12.8155,0.5729,1.9653,4.4208,8.8889,8.8889
1987,01916,1345500000,6337305000.0000,0.0006,8.9039,2.1443,0.7408,2.6859,1.9328,1.9328
1988,01653,2000000000,156000000.0000,0.0002,26.7857,0.9358,1.7713,5.0301,0.0000,0.0000
1989,01773,2075000000,5934500000.0000,0.0225,26.1412,7.9474,2.2748,12.8878,1.1399,1.1399
1990,01772,200185800,1811681490.0000,0.0019,8.2262,2.0499,1.3121,9.5863,3.8381,3.8381
1991,08357,520000000,301600000.0000,0.0005,-71.3192,4.9999,4.0450,5.0216,0.0000,0.0000
1992,08042,800000000,49600000.0000,,-10.1142,0.7482,1.2158,6.9653,0.0000,0.0000
1993,08547,1000000000,177000000.0000,0.0012,-10.1912,0.6365,1.4299,7.3137,0.0000,0.0000
1994,08475,400000000,164000000.0000,,-7.4730,1.8617,2.7360,4.4836,0.0000,0.0000
1995,08613,1000000000,77000000.0000,,-9.5003,0.6887,0.9319,2.4607,0.0000,0.0000
1996,01743,17901167,262431108.2200,0.0042,3.9858,1.3924,0.9516,8.5715,6.2105,6.2105
1997,01286,1883295000,6723363150.0000,0.0007,16.4143,1.7933,1.7710,-136.8094,0.0000,1.1204
1998,01969,1200000000,1932000000.0000,0.0003,14.4041,3.5124,1.4115,6.1354,0.0000,0.0000
1999,01034,1600000000,408000000.0000,0.0000,33.3442,1.2888,2.2208,28.0663,0.0000,0.0000
2000,08219,1000000000,50000000.0000,,-7.0383,0.2740,0.7083,1.6194,0.0000,0.0000
2001,01760,1035975000,3315120000.0000,0.0001,17.4700,1.4057,2.5667,5.4688,1.7188,1.7188
2002,02003,499487389,4420463392.6500,0.0006,-3.6768,1.3798,1.3592,7.8011,0.0000,0.0000
2003,01725,300000000,366000000.0000,,15.2448,0.5743,1.4561,3.7504,0.0000,0.0000
2004,01806,1245583118,3873763496.9800,0.0026,18.7938,1.0192,1.6460,2.9131,0.0000,0.0000
2005,03302,858671324,523789507.6400,0.0007,10.3373,0.7347,1.0344,3.0048,0.0000,1.8656
2006,03997,128342000,137325940.0000,0.0001,14.6060,2.0809,1.3585,15.9998,6.5403,6.5403
2007,06098,2668761000,61114626900.0000,0.0013,56.5583,11.1677,12.1477,42.3686,0.4218,0.4218
2008,08621,800000000,232000000.0000,0.0000,444.7918,4.1176,0.9256,4.0256,0.0000,0.0000
2009,01721,1000000000,420000000.0000,,35.3430,3.6540,1.8821,6.9083,0.0000,0.0000
2010,08609,500000000,71000000.0000,0.0000,7.9186,0.3722,0.5731,1.3509,0.0000,0.0000
2011,02051,1194425522,3631053586.8800,0.0030,1.4345,1.1030,0.8654,-59.6074,0.0000,0.0000
2012,01765,6666668000,8666668400.0000,0.0065,44.0353,7.1822,1.8148,3.0968,1.3846,1.3846
2013,08611,390000000,67470000.0000,0.0000,4.4588,0.7358,1.0663,1.1275,0.0000,0.0000
2014,01912,800000000,1048000000.0000,0.0020,51.3589,1.9932,9.6234,87.2466,0.0000,0.0000
2015,03700,2047661000,2293380320.0000,0.0003,1.7746,0.5068,0.6079,-1.4457,0.0000,0.0000
2016,01968,640000000,188800000.0000,0.0029,2.5934,0.2947,0.4393,5.9502,6.7797,6.7797
2017,06860,1931387000,1564423470.0000,0.0000,8.6156,1.2345,1.0612,5.6553,0.0000,0.0000
2018,01741,800000000,1672000000.0000,0.0004,168.7355,4.4049,8.1810,-127.8190,0.0000,0.0000
2019,08259,480000000,268800000.0000,0.0000,38.9134,0.4884,2.2455,15.2361,0.0000,0.0000
2020,02798,1600000000,3568000000.0000,0.0008,17.2929,4.2364,2.9068,9.6313,0.0000,0.0000
2021,01842,1000000000,475000000.0000,0.0000,17.5154,0.7011,3.3323,-134.2566,0.0000,0.0000
2022,01746,1000000000,355000000.0000,0.0022,28.2172,2.1695,2.1847,3.0257,0.0000,0.0000
2023,01809,635000000,4572000000.0000,0.0003,8.1712,0.7512,1.2962,5.7150,3.3056,3.3056
2024,01996,3320000000,7901600000.0000,0.0006,4.7652,0.7284,0.4738,1.7947,4.4958,4.4958
2025,06100,518268717,9328836906.0000,0.0002,1033.1895,6.5239,2.8426,24.5231,0.0000,0.0000
2026,01731,1120000000,1433600000.0000,0.0173,24.7829,0.8233,1.3100,-16.1157,3.9063,3.9063
2027,06190,407367200,4334387008.0000,0.0000,12.5004,2.7932,0.9460,7.9034,0.8574,0.8574
2028,02346,500000000,760000000.0000,0.0016,12.7860,1.6729,2.1110,65.5498,0.0000,0.0000
2029,01739,1205755090,3050560377.7000,0.0009,3.4540,4.0525,2.0633,9.4150,0.0000,0.0000
2030,08537,750000000,187500000.0000,0.0000,84.3455,1.0678,2.1360,3.6381,0.0000,0.0000
2031,00797,2619500000,6627335000.0000,0.0027,-57.9904,17.1033,5.2163,35.0693,1.2474,0.0000
2032,01755,820000000,4788800000.0000,0.0016,27.2725,3.5669,4.8284,6.5558,1.9538,1.9538
2033,01748,400000000,620000000.0000,0.0001,11.9488,1.8498,0.7722,8.2649,0.0000,0.0000
2034,02048,1391837900,12568296237.0000,0.0004,11.3133,1.8075,1.4681,12.4756,2.6520,2.6520
2035,06111,827880000,4445715600.0000,0.0006,7.9894,0.6407,1.1396,3.4373,3.1471,4.7300
2036,01545,2000000000,246000000.0000,0.0006,7.5515,0.3892,0.8344,-17.3482,0.0000,0.0000
2037,01977,1400000000,1246000000.0000,0.0005,3.9520,0.2088,0.9487,11.7850,0.0000,4.3258
2038,01025,520000000,317200000.0000,0.0003,26.0769,1.4062,2.4725,3.6634,6.2295,6.2295
2039,01810,23978279015,208611027430.5000,0.0076,13.1492,1.0189,2.4381,10.1180,0.0000,0.0000
2040,01890,2000798667,7903154734.6500,0.0033,19.8249,11.7808,2.7857,181.2576,2.5316,2.5316
2041,01672,1120685000,4213775600.0000,0.0017,-495.3305,21.6150,1.1234,2.1940,0.0000,0.0000
2042,08601,800000000,232000000.0000,,-161.3352,2.6238,1.9181,3.4663,0.0000,0.0000
2043,01845,1333335000,666667500.0000,0.0001,11.4352,1.1862,1.2065,-12.5709,0.0000,0.0000
2044,00788,46663856000,83061663680.0000,0.0054,100.9945,3.7265,1.5447,-88.7517,0.1476,0.1476
2045,01790,1000000000,495000000.0000,0.0000,7.0718,1.0051,0.4890,2.8440,0.0000,0.0000
2046,02682,1000000000,160000000.0000,0.0001,13.6135,0.8839,0.8996,2.0416,0.0000,0.0000
2047,06862,5300000000,183645000000.0000,0.0011,95.2934,9.2443,17.9340,40.6736,0.2193,0.2193
2048,06162,2000000000,228000000.0000,0.0007,6.9516,0.7382,0.9329,-13.6725,5.2632,10.5263
2049,02680,400000000,780000000.0000,0.0001,63.6267,9.1561,3.4341,4.8479,0.0000,0.0000
2050,01894,767600000,2625192000.0000,0.0027,163.4513,14.4300,10.7694,99.0377,0.5226,0.5226
2051,01119,1269718990,5574066366.1000,0.0009,19.4062,2.0220,1.3615,9.4017,0.0000,0.0000
2052,01939,500000000,450000000.0000,0.0038,52.1316,2.7094,1.5686,2.6572,2.2222,2.2222
2053,02258,825400000,1015242000.0000,0.0007,8.3596,0.5840,1.6111,3.3157,0.0000,0.9756
2054,06890,606252000,630502080.0000,0.0000,10.5640,0.3474,0.9432,4.6503,1.7308,1.7308
2055,01701,1000000000,246000000.0000,0.0101,30.9515,1.0557,0.9333,27.6011,0.0000,0.0000
2056,03990,1190567000,22596961660.0000,0.0002,6.0321,0.6429,0.7353,-4.1297,6.4557,6.4557
2057,08635,400000000,65200000.0000,0.0007,10.0540,1.4737,1.2122,-15.3701,0.0000,0.0000
2058,01751,672000000,133056000.0000,0.0001,6.5925,0.9026,1.0778,-13.3859,0.0000,0.0000
2059,02552,1054893800,7120533150.0000,0.0000,-1.6897,587.8927,5.2658,5.0585,0.0000,0.0000
2060,01540,506909823,339629581.4100,0.0002,8.2143,0.7707,1.2463,16.3178,7.4627,11.9403
2061,01796,480000000,331200000.0000,0.0012,9.2095,0.4945,1.5423,13.9711,11.5942,11.5942
2062,08603,800000000,440000000.0000,,-1981.9820,4.3378,6.2211,12.7518,0.0000,0.0000
2063,01903,500000000,530000000.0000,0.0003,12.1004,0.5192,6.6322,33.1680,0.0000,0.0000
2064,01759,216000000,540000000.0000,,12.3082,0.3797,1.3540,10.0236,0.0000,0.0000
2065,01851,500000000,885000000.0000,0.0002,30.4779,4.8475,1.6417,19.5486,0.0000,0.0000
2066,01837,2192000000,3331840000.0000,0.0013,27.1574,1.5720,2.7387,7.5828,1.5484,2.8642
2067,03868,6752478471,14045155219.6800,0.0001,18.8519,11.6989,1.3727,298.6298,0.0000,2.4038
2068,00780,2110560119,26382001487.5000,0.0010,42.5536,4.2909,1.9316,9.2766,0.0000,0.0000
2069,03321,500000000,510000000.0000,0.0006,16.6174,1.6187,2.2412,-153.8028,0.0000,0.0000
2070,03690,5793187850,426088966367.5000,0.0014,-3.1588,5.5923,4.4037,-109.7427,0.0000,0.0000
2071,08210,800000000,124800000.0000,0.0003,756.3636,1.9156,1.4404,3.2382,0.0000,0.0000
2072,02168,140000000,2004800000.0000,0.0008,31.7153,1.9139,3.0607,2.8965,1.2570,1.2570
2073,01563,1500000000,1920000000.0000,0.0018,40.5674,4.5997,1.3699,-29.4537,0.0000,0.0000
2074,01911,540703312,7515776036.8000,0.0007,-3.9222,4.5407,1.0089,-2.5708,0.0000,0.0000
2075,01860,1534204000,5860659280.0000,0.0003,34.1630,1.7174,2.9061,34.3802,0.0000,2.0942
2076,01801,1158629210,28965730250.0000,0.0012,-4.2843,2609.1469,7.4112,5.8106,0.0000,0.0000
2077,01835,38340000,189783000.0000,,14.1597,4.1139,1.6369,5.0895,1.4990,1.4990
2078,01761,1688488109,4052371461.6000,0.0015,6.5865,4.5605,1.1091,1.7588,0.0000,0.0000
2079,01785,456102000,907642980.0000,0.0000,6.7852,1.5403,0.9013,-10.8254,7.4286,7.4286
2080,03978,849720000,1444524000.0000,0.0006,22.5013,0.8382,1.8482,4.1536,0.0000,0.0000
2081,01793,800000000,272000000.0000,,7.3063,0.2774,1.1396,2.3878,4.1176,4.1176
2082,02360,1000000000,1680000000.0000,0.0003,28.1275,1.3039,4.5457,6.8709,3.5714,3.5714
2083,02892,750000000,900000000.0000,0.0000,23.0343,1.3539,0.9075,0.7627,0.0000,0.0000
2084,01762,1273216350,2571897027.0000,0.0004,-5.2054,1.4190,2.3933,7.7510,0.0000,0.0000
2085,01521,2007640910,6866131912.2000,0.0021,77.8153,10.5244,3.5391,-5433.0535,0.0000,0.0000
2086,01849,800000000,264000000.0000,0.0008,11.5477,1.7330,64.6314,-238.4330,0.0000,0.0000
2087,01703,1000000000,228000000.0000,0.0000,6.0399,0.2687,0.9096,1.7090,0.0000,0.0000
2088,03992,500000000,495000000.0000,0.0000,37.0592,0.6915,1.8983,7.7779,0.0000,0.0000
2089,06185,132670900,4192400440.0000,0.0009,-43.4856,5312.0434,4.0521,-105.2903,0.0000,0.0000
2090,01797,936335602,11573108040.7200,0.0015,-260.9529,11.2948,4.0383,14.9199,0.0000,0.0000
2091,01767,1000000000,660000000.0000,0.0036,53.2424,1.9422,2.3066,173.8015,0.3030,0.3030
2092,01873,1588554398,6481301943.8400,0.0007,61.4439,26.4899,3.4555,7060.5889,0.0000,0.1223
2093,06160,783434303,66748602615.6000,0.0002,-12.6206,42.8986,5.4159,16.9817,0.0000,0.0000
2094,01780,620000000,285200000.0000,0.0000,8.5405,0.9477,1.9441,17.3881,0.0000,0.0000
2095,02013,2266355000,10130606850.0000,0.0150,-7.9354,9.9918,8.9213,107.3309,0.0000,0.0000
2096,01877,182746500,5628592200.0000,0.0025,-28.9178,22181.0463,6.3581,8.2770,0.0000,0.0000
2097,01995,1536400000,5761500000.0000,0.0013,48.9012,4.5691,5.0295,6.8243,0.6160,0.6160
2098,01675,725756516,5080295612.0000,0.0009,21.2702,0.8332,1.2973,11.5477,0.0000,0.0000
2099,02181,4124080000,4536488000.0000,0.0000,-31.9272,165.7245,3.6145,-64.4943,0.0000,0.0000
2100,01158,70000000,1048600000.0000,0.0006,19.2028,1.9949,2.5623,-63.7155,2.7297,2.7297
2101,01869,800000000,232000000.0000,0.0004,102.5641,0.6435,2.3882,-48.1528,1.7241,1.7241
2102,08607,800000000,296000000.0000,0.0018,6.4420,0.7617,1.5352,466.2490,0.0000,0.0000
2103,01917,2300000000,805000000.0000,0.0004,15.9605,1.9563,2.3211,6.1934,0.0000,0.0000
2104,02885,400000000,148000000.0000,0.0004,12.8617,0.5647,0.4918,10.5293,0.0000,0.0000
2105,01865,920000000,1140800000.0000,0.0052,289.1624,6.5469,5.5504,14.4749,0.0000,0.0000
2106,08096,500000000,82000000.0000,0.0029,-6.6879,0.7546,0.8994,1.1814,0.0000,0.0000
2107,01817,950000000,5215500000.0000,0.0007,12.0009,1.2045,5.0923,17.2238,0.0000,0.0000
2108,01891,1000000000,175000000.0000,0.0002,3.6877,0.1015,0.5190,-11.3545,0.0000,0.0000
2109,01983,627600000,1707072000.0000,0.0000,7.9933,2.7207,0.8255,2.9960,6.2753,6.2753
2110,01896,1126265575,12636699751.5000,0.0004,-78.8273,2.8779,1.4149,29.6032,0.0000,0.0000
2111,01753,1111111200,4777778160.0000,0.0007,-14.0437,3.6014,3.1321,961.0163,0.0000,2.3149
2112,01992,1235009383,10621080693.8000,0.0002,29.4644,0.5586,1.1129,10.4805,0.0000,0.8140
2113,03662,726250000,3318962500.0000,0.0019,36.3942,4.5957,3.8493,170.6829,1.4004,1.4004
2114,03692,5788611200,167580294240.0000,0.0010,77.4152,19.0779,12.3394,5359.8015,0.0000,0.0000
2115,06819,457112155,3131218261.7500,0.0000,130.8307,11.7197,7.9850,125.8525,0.0000,0.0000
2116,00924,1000000000,640000000.0000,0.0004,31.8427,3.3049,11.8955,12.0422,0.0000,0.0000
2117,01902,1446962138,3385891402.9200,0.0003,6.5443,0.5711,0.9223,6.9531,0.0000,0.0000
2118,02108,800000000,173600000.0000,0.0004,7.5010,0.6667,0.5197,-20.0405,0.0000,0.0000
2119,02359,170513560,14664166160.0000,0.0043,53.1686,12.5019,6.9710,36.1036,0.5709,0.5709
2120,02019,2701341000,8860398480.0000,0.0005,5.2237,0.9245,0.8312,2.1502,0.0000,3.3537
2121,01897,436332630,266162904.3000,0.0001,11.6320,0.7067,0.5231,1.0077,3.2787,3.2787
2122,03798,1256000000,2298480000.0000,0.0019,9.9104,4.6018,12.4829,93.9965,0.0000,2.6503
2123,01736,1025662000,266672120.0000,,7.5827,2.0850,0.5557,-1.9718,0.0000,0.0000
2124,01906,1200000000,684000000.0000,0.0066,21.9496,1.7562,2.0715,31.6776,0.0000,0.0000
2125,01861,234544750,316635412.5000,0.0004,7.5957,0.5183,1.1675,-163.2983,0.0000,1.0370
2126,01943,1000000000,485000000.0000,0.0000,16.5343,1.2129,9.3731,-17.5788,0.0000,0.0000
2127,02189,1000000000,510000000.0000,0.0047,13.4629,2.9184,17.9786,29.0747,0.0000,0.0000
2128,02660,1021672000,766254000.0000,0.0002,6.0285,1.1820,1.2770,88.2011,0.0000,6.6667
2129,01907,4090000000,11901900000.0000,0.0006,4.8880,0.4960,1.6338,64.8488,5.9931,8.3608
2130,02616,1012010532,12123886173.3600,0.0005,-5.9268,322.2185,3.2460,21.0770,0.0000,0.0000
2131,01935,1600830000,2657377800.0000,0.0009,14.9498,7.7294,1.2114,20.0509,0.0000,4.5181
2132,02772,3581791500,18016411245.0000,0.0003,8.2155,0.5251,1.7251,5.8146,0.0000,3.0417
2133,01782,508000000,279400000.0000,0.0002,8.5710,2.0769,1.4625,-105.0588,2.1818,2.1818
2134,01832,360000000,752400000.0000,0.0004,8.2029,0.9575,0.9669,-2997.6463,0.0000,0.0000
2135,02718,539651400,604409568.0000,0.0700,4.5208,2.5077,0.5421,22.0164,0.0000,7.9196
2136,03316,276407000,1937613070.0000,,23.6839,3.2623,2.6709,10.7576,1.4265,1.4265
2137,02230,1992000000,517920000.0000,0.0004,4.9055,1.0892,1.9270,-103.7085,5.0000,5.0000
2138,00667,2184764102,29013667274.5600,0.0031,49.9939,7.8107,4.7789,30.6338,0.0000,0.0000
2139,02060,811044000,2960310600.0000,0.0017,22.4159,1.8773,1.4845,58.9924,0.0000,0.0000
2140,01839,563920000,2842156800.0000,0.0006,6.8546,0.3242,0.9688,10.6343,0.0000,0.0000
2141,01841,400000000,232000000.0000,,8.3652,1.4526,1.4737,14.4297,17.2414,17.2414
2142,01769,555700000,3184161000.0000,0.0080,38.8141,5.6841,5.5544,-3931.1661,0.0000,1.0471
2143,06806,2504000000,5483760000.0000,0.0001,11.2948,2.1840,0.6036,6.7116,0.0000,0.0000
2144,06811,1000000000,1590000000.0000,0.0015,5.2142,0.5086,1.6584,100.8435,0.0000,2.0377
2145,02180,207500000,2104050000.0000,0.0007,18.8783,0.7437,2.8516,-10.6164,0.0000,0.0000
2146,01134,500000000,440000000.0000,0.0010,14.4642,1.0449,4.2486,23.0644,0.0000,0.0000
2147,01901,500000000,500000000.0000,0.0036,18.7262,0.8927,2.5221,40.3180,0.0000,0.0000
2148,01949,400000000,328000000.0000,0.0460,11.3797,1.6734,14.2198,51.1889,0.0000,0.0000
2149,06805,1120000000,1064000000.0000,0.0006,19.5252,1.9512,1.3359,-323.4134,0.0000,0.0000
2150,01850,800000000,256000000.0000,,13.4235,1.0311,1.9608,-38.1919,0.0000,0.0000
2151,00382,1018362000,2749577400.0000,0.0018,14.9965,3.8087,5.0954,-49.3728,0.0000,0.0000
2152,06117,820000000,1057800000.0000,0.0107,12.6218,3.5383,0.9771,-33.2316,0.0000,0.0000
2153,01827,400000000,420000000.0000,0.0000,19.2678,2.7150,2.9635,-6.3073,0.0000,0.0000
2154,01951,2434383802,23808273583.5600,0.0017,125.9895,22.7657,3.0952,128.6923,0.0000,0.0000
2155,06093,400000000,532000000.0000,0.0058,27.7465,2.0874,8.3270,25.5649,0.0000,0.0000
2156,01930,660000000,772200000.0000,0.0055,21.6864,3.1300,2.9183,58.8447,0.0000,0.0000
2157,02558,970650000,2193669000.0000,0.0000,8.8587,2.4422,0.7328,-53.5227,0.0000,0.0000
2158,00150,2023062500,2225368750.0000,0.0020,36.0104,3.3106,10.8045,-772.9659,0.0000,0.0000
2159,01854,1280000000,268800000.0000,,16.7383,1.4456,2.4203,31.3689,0.0000,0.0000
2160,01920,2600000000,447200000.0000,0.0096,11.0910,1.0356,4.8448,-592.3179,0.0000,0.0000
2161,01867,1120000000,134400000.0000,0.0004,8.3328,0.5346,1.1621,-11.7206,0.0000,0.0000
2162,01909,320000000,1648000000.0000,0.0001,15.6676,8.7613,6.3670,25.2250,0.0000,0.0000
2163,01915,150000000,396000000.0000,0.0002,19.6792,,1.6850,-217.7028,0.0000,0.0000
